10	250
2935123	7	22
2940434	1	4
2940434	1	12
2940434	12	16
2940434	4	16
2952107	8	26
2952107	19	60
2952107	8	50
2980899	3	5
2984743	1	4
3010029	43	46
3010029	43	45
3012064	36	59
3012064	53	59
3012064	16	23
3014081	9	16
3014081	5	16
3018179	6	18
3018179	8	18
3018179	2	18
3018179	2	8
3018796	50	69
3018796	29	75
3019764	8	11
3038155	28	37
3038155	8	42
3038155	8	37
3040363	36	41
3040363	5	30
3040363	46	52
3040363	30	36
3040363	5	36
3056569	8	41
3056569	18	19
3056569	31	49
3056569	18	49
3068246	3	6
3083350	4	17
3083350	8	17
3083350	4	8
3089930	6	10
3104621	33	38
3109458	6	13
3124220	16	34
3135437	20	26
3135437	23	26
3148464	7	17
3155377	1	8
3185569	6	12
3188373	49	50
3188373	13	50
3205229	27	52
3205229	24	62
3208606	4	10
3208606	4	9
3208606	9	10
3211555	7	11
3240008	1	12
3241429	11	21
3269734	4	7
3269734	7	11
3269734	5	7
3279084	3	34
3279084	27	34
3279084	3	7
3279084	7	34
3279125	4	16
3292846	46	66
3292846	2	83
3292846	62	75
3341618	12	13
3341618	12	16
3341618	4	16
3345359	11	28
3378752	39	43
3382024	29	30
3382024	25	29
3382024	13	25
3399968	9	16
3399968	1	16
3399968	1	36
3399968	3	36
3413756	10	22
3413756	14	22
3428515	89	137
3428515	52	73
3437260	17	25
3437260	13	25
3437260	17	21
3437260	13	17
3441675	7	53
3441675	13	22
3441675	4	61
3441675	44	53
3441675	7	22
3441675	7	17
3492983	20	21
3492983	12	28
3492983	3	20
3499499	19	31
3515381	60	78
3515381	4	25
3515381	60	62
3515381	11	15
3515381	15	56
3529629	15	17
3529629	1	11
3529629	1	15
3529629	1	17
3542131	5	10
3542131	3	10
3542131	3	5
3556021	4	9
3556021	4	13
3568265	13	22
3568265	9	29
3610536	8	15
3610536	13	15
3610536	8	13
3614131	2	41
3614131	32	41
3617800	4	15
3637437	7	9
3638582	12	13
3638582	6	12
3725626	5	24
3775423	4	22
3775423	4	8
3775423	8	19
3794219	9	11
3794375	35	41
3794375	9	27
3794375	39	41
3794375	8	39
3798384	12	14
3798384	5	14
3845763	23	25
3845763	3	23
3845763	3	25
3845763	10	23
3864922	5	15
3864922	1	15
3912429	8	13
3912429	3	13
3931810	3	12
3931810	7	56
3931810	12	51
3931810	3	51
3978642	21	66
3981496	12	15
3981496	15	19
4089170	8	14
4089170	8	13
4089170	13	14
4089170	14	26
4089170	13	27
4089170	26	27
4090878	21	23
4090878	6	29
4137167	29	33
4137167	5	39
4288659	1	3
4288659	3	9
4288659	1	9
4306222	2	7
4306222	2	14
4315795	2	7
4315795	2	18
4315795	7	18
4315795	2	4
4315795	4	7
4358560	12	19
4358560	12	22
4358560	19	22
4391932	7	54
4391932	5	9
4391932	9	54
4391932	7	27
4391932	39	88
4476068	4	8
4476068	2	15
4480988	5	9
4480988	3	9
4486486	7	12
4486486	1	7
4486486	12	14
4487976	15	17
4487976	15	24
4519587	24	39
4519587	30	39
4525233	4	35
4525233	21	35
4525233	4	21
4525233	4	31
4555351	5	30
4555351	5	9
4555351	9	28
4555351	9	30
4739096	34	41
4739096	21	29
4739096	51	86
4739096	2	38
4739096	4	21
4751000	3	5
4751000	3	20
4876284	16	25
4876284	2	16
4876284	2	25
4959070	15	20
5052065	21	23
5052065	17	21
5052065	13	21
5052065	13	23
5052211	15	32
5073287	12	14
5092806	6	16
5110983	14	17
5110983	9	17
5110983	9	14
5136263	6	12
5223413	7	46
5223413	14	20
5223413	43	46
5223413	20	46
5223413	20	43
5223413	14	46
5223413	7	31
5559534	7	9
5617665	18	23
5681403	2	15
5728349	6	7
5743918	6	9
5743918	6	22
5743918	6	24
5743918	2	24
5743918	22	24
5809867	8	16
5809867	7	16
5809867	6	16
5903584	30	32
5903584	23	30
5903584	15	30
5903584	1	25
5903584	23	25
5949163	1	5
5971068	12	17
6219361	15	22
6219361	6	22
6219361	6	33
6234845	6	12
2935123	7	3014081	5
2935123	7	5073287	12
2935123	7	3978642	21
2940434	4	3478560	6
2940434	12	5617665	23
2940434	16	3135437	26
2940434	16	3148464	17
2940434	12	3378752	43
2952107	42	3382024	30
2980899	5	3205229	66
2980899	5	3010029	45
2980899	3	3798384	5
2980899	3	4480973	5
2984460	29	3319591	31
2984460	27	3638582	13
2984460	1	3515381	15
2984743	4	5559534	7
2999417	2	3345359	28
2999417	2	3981496	19
2999417	2	5681403	15
2999417	2	5073287	14
3002919	7	4739096	51
3002919	7	4480988	3
3002919	7	5092806	16
3002919	7	5052065	17
3002919	7	3136088	6
3002919	7	3428515	82
3010029	45	3727391	14
3010029	46	3428515	2
3010029	43	4288659	3
3010029	43	5743918	6
3010029	43	3083350	13
3010029	45	3109458	13
3012064	59	3205229	24
3012064	16	3135437	20
3014081	16	3637437	9
3018179	15	3478560	6
3018179	2	3610536	13
3018179	8	3492983	3
3018179	8	5949163	1
3018796	45	3775423	8
3018796	77	4765240	10
3018796	45	3413756	14
3019764	12	3496251	6
3019764	8	3725626	5
3038155	14	3382024	25
3038155	14	3109458	6
3038155	47	3083350	8
3038155	42	5949163	5
3040363	52	5559534	7
3040363	41	3208606	10
3040363	46	3089930	10
3056569	31	3637437	9
3056569	31	3499499	31
3056569	49	3124220	16
3056569	41	3378752	43
3068246	3	3341618	12
3068246	3	3617800	4
3068246	3	6031709	5
3068246	6	3136088	6
3083350	17	3413756	14
3083350	17	5223413	26
3083350	13	3211555	7
3083350	4	3124220	32
3083350	17	3345359	11
3089930	6	3496251	6
3089930	6	5092806	16
3089930	10	4739096	27
3104621	33	4487976	24
3104621	19	3794375	35
3109458	6	4137167	39
3109458	13	4358560	19
3109458	6	4487976	24
3109458	6	4288659	9
3109458	6	3610536	13
3124220	32	3205229	66
3124220	32	3725626	24
3124220	16	3978373	13
3135437	20	3981496	19
3135437	23	3728402	13
3135437	20	3240008	1
3135437	23	3542131	3
3136088	6	3319591	31
3136088	6	4519587	45
3148464	17	3319591	31
3148464	7	3638582	12
3155377	1	4751000	20
3155377	4	4377242	26
3155377	8	3529629	11
3155377	4	3378752	39
3185569	12	4959070	20
3185569	12	3912429	8
3185569	4	3617800	15
3185569	6	3728402	13
3185569	12	4089170	26
3185569	6	3931810	12
3188373	50	5223413	7
3188420	19	5694385	12
3188420	9	4480988	5
3188420	8	4555351	30
3205229	62	5052211	32
3205229	24	3637437	9
3208606	4	3864922	5
3208606	17	6219361	22
3211555	7	3441675	17
3240008	1	5681403	2
3240008	12	5052065	21
3240008	1	3441675	44
3240008	12	4137167	31
3240008	1	4959070	20
3240008	12	3727391	20
3241429	21	4328139	4
3241429	21	3441675	17
3241429	21	3341618	13
3241429	11	3529629	15
3269734	7	6031709	5
3269734	7	4391932	39
3269734	7	4137167	5
3279084	3	3637437	7
3279125	4	4765240	10
3279125	4	4377242	26
3279125	16	3981330	14
3279125	4	3382024	13
3292846	83	4486486	12
3292846	26	3862996	3
3292846	75	5092806	16
3319591	31	5949163	5
3319591	31	4751000	5
3341618	16	4476068	4
3345359	11	3725626	24
3345359	31	3912429	8
3345359	11	6031709	5
3345359	28	5694385	12
3378752	39	3499499	19
3382024	29	4089170	14
3382024	29	3637437	9
3382024	29	3428515	137
3382024	13	4486486	1
3382024	13	3638582	12
3399968	1	5903584	30
3399968	1	5694385	12
3399968	9	5949163	1
3413756	14	4476068	15
3413756	22	5223413	31
3413756	22	3981330	14
3428515	2	3614131	13
3428515	116	4486486	12
3428515	116	3794219	11
3428515	116	4480973	5
3437260	13	4306222	2
3441675	44	3931810	51
3441675	22	3864922	1
3478560	6	4876284	2
3478560	6	3556021	4
3478560	6	3777870	19
3478560	6	4358560	12
3478560	6	5680642	6
3492983	21	3499499	31
3492983	7	3610536	13
3492983	21	3725626	24
3496251	6	4959070	15
3496251	6	4089170	13
3496251	6	6219361	6
3496251	6	3912429	3
3499499	19	4328139	4
3499499	19	4526040	4
3515381	60	4525233	4
3515381	56	4315795	2
3515381	78	4391932	7
3515381	45	4526040	4
3515381	4	6031709	5
3529629	11	4288659	3
3529629	11	4315795	4
3529629	17	4526040	4
3542131	5	3725626	3
3556021	13	5694385	12
3568265	13	4525233	35
3568265	19	5971068	12
3568265	29	6074154	7
3610536	13	6219361	7
3614131	32	4959070	15
3614131	43	5680642	6
3617800	4	5743918	22
3617800	4	3727391	20
3617800	15	3637437	7
3617800	15	3845763	3
3637437	9	4876284	16
3637437	9	4525233	21
3725626	11	3978373	13
3727391	10	3978373	13
3727391	14	4525233	4
3727391	20	5110983	14
3728402	13	4486486	7
3728402	13	4480973	5
3728402	13	4288659	1
3728402	13	4089170	27
3728402	13	4525233	21
3760378	3	4315795	18
3760378	3	4739096	21
3760378	3	4525233	35
3775423	4	4765240	10
3775423	8	4090878	11
3775423	19	3845763	10
3775423	4	5809867	16
3777870	19	5617665	18
3794219	9	4137167	31
3794375	39	5110983	9
3798384	12	4480973	5
3845763	25	4288659	9
3862996	3	4480973	5
3862996	3	4487976	15
3864922	15	5680642	21
3864922	1	6234845	12
3864922	15	4525233	31
3864922	1	4739096	29
3864922	5	5052211	32
3864922	1	6031709	34
3912429	13	6031709	5
3931810	51	6031709	34
3931810	20	5052065	17
3978373	13	6219361	6
3978373	13	5809867	7
3978642	21	4525233	35
3978642	21	5680642	21
3981330	14	5617665	18
3981330	14	5559534	7
4089170	26	4487976	24
4137167	36	4487976	15
4306222	14	4358560	12
4306222	14	5680642	21
4315795	18	4739096	41
4328139	12	4391932	7
4358560	22	5786096	8
4358560	12	4555351	28
4377242	26	5617665	18
4476068	15	4480988	3
4480973	5	5559534	7
4480988	3	5073287	14
4480988	5	5073287	12
4487976	24	5110983	14
4525233	31	4751000	20
4526040	4	5809867	16
4739096	74	5971068	12
4751000	20	5809867	8
4765240	10	5110983	9
4876284	25	5694385	12
4959070	20	5223413	31
5052211	15	5903584	32
5073287	14	5971068	12
5971068	12	6219361	15
2935259	18	20
2942070	15	19
2942070	19	32
2942070	15	25
2957696	11	14
2961993	7	8
2961993	7	17
2961993	8	17
2966255	15	19
2970551	17	32
2970551	25	26
2970551	17	26
2973513	11	15
3006818	14	44
3006818	14	28
3006818	5	11
3006818	44	51
3006818	5	33
3018358	11	15
3029344	16	27
3029344	28	32
3034542	8	21
3034542	6	15
3034542	6	8
3034542	8	15
3048050	17	23
3058260	1	8
3058260	7	8
3058260	1	33
3058260	8	33
3068922	5	8
3069114	13	19
3069114	8	13
3073087	13	34
3073087	25	34
3073087	17	25
3073087	13	32
3078850	6	7
3087728	10	13
3089283	13	16
3096939	2	4
3150050	43	48
3150050	1	39
3152983	5	21
3152983	4	21
3160546	8	12
3160546	12	14
3171360	8	10
3180116	5	21
3180116	21	26
3191505	32	35
3191505	35	47
3191505	23	25
3210615	3	20
3210615	14	16
3210615	10	14
3217416	3	15
3217416	15	23
3217416	8	20
3217416	12	15
3217416	2	15
3217416	3	18
3217416	23	32
3217416	2	3
3217416	8	12
3232025	4	6
3232025	30	88
3232025	44	87
3232025	54	109
3241009	2	39
3241009	44	50
3241009	3	44
3241009	25	50
3241009	3	39
3241009	2	25
3254521	16	27
3254521	15	27
3285044	35	97
3285044	6	20
3285198	27	30
3285198	14	23
3285198	12	30
3285198	12	32
3307728	15	25
3307728	25	32
3324753	23	26
3324753	14	26
3325268	4	13
3330402	4	19
3343487	12	29
3343487	25	29
3346260	5	10
3346260	5	16
3356995	27	38
3356995	12	15
3356995	15	27
3356995	2	12
3356995	31	38
3363696	5	12
3397096	10	24
3397096	7	18
3397096	18	24
3409160	9	20
3409160	34	51
3409160	34	37
3409160	10	20
3459751	33	40
3459751	35	40
3459751	3	40
3459751	16	40
3459751	6	8
3459751	6	35
3491663	9	41
3491663	9	38
3491663	37	38
3491663	38	41
3515425	7	30
3535459	19	20
3535459	19	24
3576094	5	20
3576094	11	20
3588361	19	26
3649055	9	12
3649055	1	7
3649055	7	9
3679760	1	25
3685063	9	13
3685063	5	13
3685063	5	22
3685063	13	16
3685063	9	16
3685063	4	16
3685063	5	16
3702531	8	12
3702531	4	28
3702531	12	13
3702531	13	28
3702531	8	13
3702531	4	13
3702531	12	28
3706952	8	36
3706952	31	43
3706952	6	15
3706952	6	8
3738662	9	16
3747326	18	37
3747326	37	41
3747326	16	41
3747326	25	37
3762213	57	138
3762213	16	138
3762213	35	200
3762213	26	206
3762213	16	151
3762213	20	133
3773347	1	5
3773347	1	9
3843467	52	72
3843467	3	40
3889070	6	23
3889070	11	23
3892016	25	31
3894551	6	16
3908990	1	14
3908990	1	8
3918035	11	15
3918035	25	41
3918035	25	36
3918035	15	41
3918035	6	11
3918035	6	41
3918035	15	36
3940602	1	5
3946610	6	9
3946610	6	11
3960069	26	31
3960069	18	26
3960069	2	31
3966682	6	15
3970180	25	42
3970180	25	26
3974065	14	21
3974065	2	19
3974065	19	21
3974065	7	19
3974065	2	7
3977374	1	31
3977374	1	35
3977374	31	38
3986726	10	16
3995646	6	11
4013659	15	22
4013659	9	15
4020291	13	19
4020291	11	21
4020291	13	45
4185974	3	6
4198135	1	50
4198135	48	50
4198135	22	49
4264614	13	16
4264614	9	16
4264614	9	13
4266732	5	12
4359869	1	24
4359869	1	7
4421617	18	24
4421617	24	51
4421617	38	45
4421617	38	51
4421617	24	38
4421617	18	38
4535029	8	12
4554203	13	17
4554203	2	13
4554203	4	13
4554203	2	30
4578203	4	26
4578203	12	26
4661932	10	17
4661932	10	30
4661932	17	30
4666955	17	22
4666955	5	22
4666955	5	17
4674232	4	19
4703025	26	31
4703025	26	40
4703025	26	44
4790982	15	25
4869921	10	11
4918175	8	16
4947229	6	20
5162684	11	15
5162684	15	25
5162684	11	14
5164828	19	41
5164828	22	41
5242830	4	16
5399497	9	10
5446745	7	14
5449559	16	19
5449559	2	10
5449559	10	16
5540978	17	31
5540978	6	17
5540978	6	31
5605786	6	7
5831542	27	43
6252408	3	10
2930119	15	3346260	10
2930119	15	5162684	14
2930119	15	3437115	14
2930119	15	3241009	44
2930119	15	3275500	6
2935259	20	4198135	32
2935259	20	4342178	1
2935259	20	3940602	5
2935259	18	2961993	8
2935259	11	2966255	19
2957696	14	3171360	8
2957696	11	3843467	3
2957696	14	3237887	7
2957696	14	3210615	10
2957696	14	4661932	10
2957696	11	3950424	3
2961993	17	3588361	19
2961993	8	4448905	15
2961993	7	3908990	1
2961993	17	4342178	7
2966255	19	3096939	4
2966255	19	4554203	28
2966255	15	3096939	2
2970551	17	3210615	14
2970551	26	3285198	1
2970551	32	5831542	43
2970551	32	3747326	49
2970551	17	3330402	19
2970551	25	4869921	11
2973513	15	4918175	16
2973513	15	3892016	31
2973513	15	3679760	1
2973513	15	3747326	49
2973513	15	3588361	26
3006818	33	3894551	6
3006818	44	3180116	21
3010926	3	3324753	26
3010926	8	3346260	16
3010926	8	3550714	19
3010926	3	3918035	25
3010926	8	3843467	10
3010926	8	4790982	24
3010926	3	3343487	21
3018358	15	3946610	11
3018358	15	4421617	30
3018358	15	3254466	7
3018358	11	4674232	19
3018358	11	3437115	14
3029344	36	3894551	16
3029344	28	4596402	10
3029344	32	3237887	7
3029344	3	3128061	1
3029344	18	3515425	30
3029344	16	5811827	9
3029344	27	3069114	8
3048050	17	5831542	43
3048050	23	3191505	32
3048050	17	3649055	9
3048050	23	4020291	13
3048050	23	4282631	2
3048050	23	4866928	14
3048050	23	3706952	31
3048050	23	3622236	13
3058260	33	3588361	26
3068922	5	3171360	8
3068922	8	4264614	13
3068922	5	3918035	41
3069114	26	6252408	3
3069114	8	4020291	45
3069114	19	4918175	8
3073087	17	3285044	97
3073087	13	3773347	9
3073087	30	3325268	4
3073087	13	4013659	22
3073087	34	5164828	19
3078850	7	3285044	16
3078850	7	3128061	18
3078850	12	4448905	15
3078850	7	5540978	17
3078850	7	3602819	1
3078850	12	3940602	5
3078850	7	3679760	1
3087728	13	4866928	14
3087728	10	3275500	6
3087728	13	4421617	38
3087728	13	3171360	20
3087728	10	4359869	1
3089283	16	3307728	25
3096939	11	4947229	20
3096939	2	3843467	10
3096939	2	4013659	22
3128061	18	4448905	15
3128061	1	4578203	12
3128061	18	3180116	9
3128061	1	3966682	6
3150050	43	3940602	5
3150050	3	3285198	23
3150050	43	4448905	15
3150050	36	3307728	32
3150050	39	5803970	6
3152983	21	3908990	8
3152983	5	4790982	24
3160546	12	3706952	6
3160546	14	3685063	4
3160546	14	3773347	5
3160546	14	4869921	10
3171360	20	5446745	14
3180116	26	3649055	1
3180116	21	3397096	24
3180116	9	3773346	19
3191505	47	3918035	36
3191505	47	3346260	16
3191505	47	3706952	36
3210615	16	5449559	16
3217416	18	3762213	57
3217416	20	3706952	43
3217416	12	3285044	35
3217416	20	3986726	16
3217416	32	3706952	36
3217416	20	3515425	30
3232025	6	3325268	4
3232025	88	3889070	6
3232025	109	3889070	6
3237887	7	5803970	6
3241009	25	3679760	25
3254466	7	3254521	16
3254466	7	3892016	25
3254521	15	4918175	16
3254521	15	3459751	40
3254521	15	3356995	15
3254521	27	3325268	4
3275500	6	4185974	6
3275500	6	3970180	60
3285044	80	4109220	4
3285044	97	3307728	32
3285044	16	4266732	12
3285044	35	3397096	10
3285044	16	3702531	12
3285044	44	4013659	15
3285198	1	4109220	1
3307728	15	5164828	41
3307728	25	5399497	10
3307728	15	5803970	6
3307728	15	4185974	6
3324753	9	3515425	1
3324753	14	3356995	38
3324753	13	5803970	6
3324753	9	5202053	5
3325268	13	5605786	6
3330402	19	3970180	63
3343487	23	3550714	19
3343487	27	4266732	5
3346260	5	5605786	6
3363696	5	4185974	3
3363696	12	3773346	8
3363696	5	4342178	1
3397096	24	4198135	41
3397096	10	5399497	10
3397096	18	5540978	31
3409160	10	3970180	63
3437115	14	5446745	14
3437115	14	5449559	10
3459751	35	3843467	17
3459751	8	3762213	49
3459751	3	4481822	9
3491663	31	3665937	11
3491663	31	6252408	3
3491663	38	5162684	15
3515425	7	4674232	19
3515425	7	3995646	11
3515425	30	5605786	6
3535459	19	4947229	20
3550714	19	4866928	14
3550714	16	4661932	30
3550714	16	5162684	14
3576094	20	5164828	41
3576094	5	3588361	26
3588361	26	3762213	16
3588361	26	3649055	9
3602819	1	4596402	10
3602819	1	4013659	15
3602819	1	3894551	6
3622236	13	5164828	22
3622236	13	3908990	1
3622236	13	3986726	10
3628699	15	5540978	6
3628699	15	4421617	34
3665937	11	4282631	23
3665937	11	4554203	13
3679760	25	5242830	16
3685063	22	4481822	9
3702531	4	4198135	33
3702531	4	5399497	9
3706952	6	4578203	4
3747326	37	3889070	11
3762213	200	3995646	11
3773346	3	4266732	5
3773347	9	3908990	1
3843467	53	5803970	6
3889070	11	4703025	31
3892016	31	4866928	14
3892016	31	3960069	26
3892016	25	5202053	5
3894551	6	6252408	10
3894551	16	4596402	10
3908990	1	4421617	18
3918035	25	5227176	18
3918035	36	3977374	17
3918035	23	5803970	6
3918035	25	4578203	4
3940602	5	5811827	9
3940602	1	4596402	10
3940602	1	4109220	1
3946610	9	4013659	22
3946610	9	4790982	25
3950424	3	4554203	2
3950424	9	4790982	25
3960069	2	3966682	6
3960069	31	4554203	8
3960069	31	5227176	18
3966682	2	4947229	20
3974065	21	5399497	10
3974065	21	4703025	26
3977374	1	4578203	12
3986726	10	5540978	31
4013659	22	4661932	13
4020291	13	4198135	49
4185974	3	5242830	16
4185974	3	4266732	5
4198135	1	4866928	14
4198135	29	5164828	19
4264614	9	4674232	4
4264614	13	5803970	6
4266732	12	5449559	16
4342178	1	4448905	15
4359869	24	4596402	10
4421617	51	5202053	5
4481822	9	4866928	14
4535029	12	5227176	18
4578203	26	5242830	16
4596402	10	5164828	19
4666955	17	5446745	14
4674232	19	4918175	8
4790982	15	5605786	6
4790982	10	5605786	6
4790982	24	5446745	14
5162684	25	5449559	16
5162684	11	5605786	7
5182593	10	5202053	5
5182593	10	5399497	9
2929749	17	19
2929749	6	19
2929749	8	11
2929749	6	22
2932097	4	35
2932097	3	35
2939490	18	19
2939490	19	48
2939490	19	52
2939490	19	38
2939490	18	48
2939490	19	24
2953537	260	306
2953537	88	306
2953537	99	197
2953537	176	306
2953537	135	319
2953537	91	197
2953537	62	192
2955013	46	49
2955013	14	92
2955013	42	71
2955013	70	92
2965656	8	15
2966488	1	15
2978835	35	54
2978835	1	54
2978835	7	54
2978835	1	35
2978835	7	35
2978835	7	48
2997484	16	29
2997484	16	22
2997484	4	22
2997484	22	29
3009232	37	38
3020763	13	21
3080074	12	14
3080441	1	16
3080441	3	16
3090905	13	19
3090922	28	46
3090922	10	46
3090922	22	29
3096614	5	17
3096614	5	13
3096614	13	17
3096796	10	13
3100332	8	16
3108800	4	11
3121911	11	27
3121911	24	30
3121911	16	35
3121911	4	33
3121911	4	25
3129067	15	22
3129067	9	15
3135911	26	31
3135911	23	31
3135911	23	26
3144303	3	6
3151489	9	16
3173310	4	9
3173310	14	22
3173310	4	22
3175099	15	62
3175099	15	46
3175099	33	62
3175099	15	33
3175099	46	62
3176007	8	18
3180390	7	15
3180390	7	55
3192886	9	11
3192886	11	21
3208214	53	62
3208214	34	39
3208214	39	62
3223614	13	46
3223614	17	46
3223614	13	23
3223614	17	23
3272529	5	11
3278954	3	8
3278954	3	10
3278954	6	10
3278954	8	10
3278954	4	6
3278954	3	6
3297698	21	25
3297698	17	25
3297698	13	25
3299784	33	42
3299784	35	42
3299784	5	33
3299784	5	42
3310211	19	21
3310211	18	19
3324272	15	29
3324272	5	23
3324272	5	15
3347235	2	6
3347235	6	15
3382715	5	29
3382715	22	33
3382715	29	33
3411192	13	27
3412484	17	19
3412484	11	19
3418975	10	16
3425996	44	61
3425996	34	54
3425996	26	54
3470592	3	12
3473527	5	15
3486640	5	8
3486640	5	9
3501146	4	37
3501146	20	24
3501146	4	24
3510471	37	58
3510471	19	37
3510471	28	58
3510471	21	41
3529987	9	99
3578998	20	36
3578998	20	38
3578998	34	37
3578998	6	36
3578998	20	34
3589472	1	10
3589472	1	12
3592338	19	84
3592338	33	42
3592338	20	42
3597808	40	60
3597808	14	35
3597808	35	60
3600675	1	15
3610327	1	18
3611879	16	38
3611879	72	73
3611879	16	19
3622222	4	7
3622222	7	11
3632668	7	14
3687902	4	41
3687902	11	18
3687902	11	41
3692767	3	10
3712746	11	15
3712746	6	11
3712746	6	15
3724648	17	25
3725472	15	31
3730744	5	16
3743316	1	41
3743316	12	16
3743316	12	45
3800780	3	5
3807193	2	22
3807193	2	12
3807193	12	22
3818748	12	14
3818748	9	12
3818748	9	14
3883399	9	28
3896677	8	9
3954183	2	3
3954183	45	56
3954183	3	31
3954183	31	56
3954183	2	56
3994768	5	64
3994768	33	34
3994768	5	19
3994768	15	34
4013413	2	12
4114445	5	14
4153138	13	14
4356874	27	43
4356874	6	41
4356874	6	15
4396550	2	14
4396550	2	7
4396550	7	14
4416000	5	18
4416000	5	13
4438468	5	16
4438468	12	16
4438468	5	12
4476887	12	16
4476887	11	16
4586904	2	42
4586904	14	38
4586904	14	42
4681522	13	20
4681522	13	17
4681522	13	19
4681522	11	12
4681522	7	19
4773573	3	6
4823546	9	16
4831148	13	18
4874651	6	15
4874651	11	15
4874651	11	28
4908437	8	18
4908437	8	11
4908437	11	18
4972453	4	22
4972453	17	24
4972453	22	24
4992243	19	23
4992243	18	23
4992243	4	23
4992243	2	19
5096181	4	13
5142374	7	11
5166378	20	25
5216165	12	13
5349303	5	7
5349303	6	20
5349303	5	20
5349303	5	6
5349303	7	12
5569981	15	16
5569981	2	15
5569981	2	24
5583008	6	23
5583008	6	32
5604363	3	19
5725655	18	26
5725655	2	26
5873163	1	2
5908190	4	13
5908190	13	17
5908190	5	13
5937337	8	16
5937337	11	15
5937337	15	16
6166434	6	23
6166434	1	15
6166434	1	23
6166434	1	2
6392685	10	24
6392685	3	9
6549862	8	10
6549862	8	14
6549862	10	14
2929749	11	3173310	4
2929749	11	3080074	12
2929749	8	3692767	10
2929749	19	3743316	38
2929749	17	3425996	33
2932097	31	3129067	15
2932097	31	4074525	24
2932097	4	2967091	7
2932097	31	4908437	11
2932097	31	2967091	7
2932097	54	3272529	5
2939490	34	3135911	23
2953537	151	3587383	2
2953537	216	3712746	6
2953537	71	5569981	2
2953537	149	3297698	25
2953573	8	3385086	7
2953573	8	4396550	2
2953573	8	3418975	10
2955013	71	3470592	3
2955013	104	5937337	15
2955013	70	5225691	5
2955013	46	3272529	11
2955013	145	3103119	19
2965656	25	4181758	7
2965656	25	3412484	17
2966488	1	3299784	35
2966488	1	3589472	10
2966488	15	3578998	37
2966488	15	3592338	84
2967091	7	3994768	23
2967091	7	4908437	11
2978835	54	4074525	24
2978835	54	3632668	7
2978835	1	3896677	8
2978835	35	4992243	4
2997484	22	3954183	45
2997484	16	5216165	3
2997484	4	3470592	12
2997484	22	3411192	27
2997484	16	3090922	29
3009232	38	3176007	18
3016197	13	3486640	8
3016197	13	3724648	17
3016197	13	5725655	26
3020763	13	5725655	18
3020763	17	3425996	33
3020763	21	4416000	18
3080074	14	4356874	41
3080074	14	3587383	2
3080441	3	3860376	18
3080441	1	3103119	19
3080441	3	3589472	10
3080441	1	3176007	8
3080441	3	6392685	24
3090905	13	3862423	12
3090905	13	3925368	13
3090905	19	4181758	14
3090922	10	3587383	2
3090922	46	3712746	3
3090922	16	3347235	2
3096614	5	3994768	19
3096614	17	3121911	24
3096796	13	3925368	23
3096796	13	3192886	9
3096796	13	5583008	6
3096796	10	3587383	2
3100332	8	3108800	4
3103119	19	4908437	18
3103119	19	3180390	55
3103119	19	3954183	3
3108800	11	4438468	16
3108800	4	5583008	23
3108800	4	6549862	14
3108800	11	3597808	61
3108800	4	4586904	14
3108800	4	3725472	15
3108800	4	6392685	3
3121911	27	5216165	4
3121911	30	5225691	5
3121911	33	3712746	3
3121911	2	3231002	10
3124028	11	3278954	8
3129067	22	3994768	15
3129067	22	5908190	28
3129067	15	3501146	4
3129067	9	3597808	61
3135911	31	3144303	6
3144303	6	4007035	7
3144303	15	5583008	23
3144303	6	3324272	23
3144303	6	5725655	2
3144303	3	5349303	12
3173310	14	4273026	9
3173310	14	3450022	5
3173310	22	5166378	25
3175099	62	4586904	42
3175099	62	4273026	9
3175099	15	3510471	19
3176007	18	3925368	23
3176007	18	5142374	7
3176007	8	3223614	17
3180390	55	3425996	22
3192886	9	3592338	68
3192886	11	4013413	12
3208214	62	3529987	18
3208214	39	4181758	7
3208214	62	3418975	10
3208214	34	3501146	20
3223614	13	3297698	17
3223614	13	3347235	11
3223614	13	4972453	17
3231002	10	4773573	3
3231002	10	3510471	56
3244135	11	4438468	16
3244135	11	5225691	5
3244135	11	6549862	8
3272529	5	3860376	18
3272529	11	5225691	5
3272529	5	4874651	11
3278954	3	5937337	8
3278954	4	5583008	6
3278954	4	3382715	29
3297698	25	4416000	5
3297698	13	3725472	15
3297698	13	3610327	28
3297698	21	3807193	12
3299784	35	4908437	18
3299784	33	5908190	5
3299784	33	4908437	8
3299784	42	4074525	24
3312712	16	3578998	36
3312712	16	3818748	9
3312712	16	3743316	12
3312712	16	4356874	41
3312712	16	4438468	16
3312712	16	6392685	36
3312712	16	3896677	8
3324272	23	3611879	38
3324272	29	6549862	14
3324272	23	3807193	12
3382715	22	3807193	22
3411192	13	4908437	18
3411192	27	3692767	3
3411192	13	3611879	23
3412484	11	4203692	13
3412484	19	3725472	31
3412484	17	4586904	42
3412484	19	3597808	35
3418975	16	4681522	4
3418975	16	6392685	20
3450022	5	3501146	20
3450022	5	5937337	16
3450022	5	4007035	7
3470592	3	4874651	6
3470592	3	5937337	8
3470592	3	3589472	12
3473527	15	4114445	5
3486640	9	5308173	5
3486640	9	6392685	15
3486640	8	3712746	3
3486640	8	4992243	23
3486640	8	4823546	16
3501146	37	5583008	23
3501146	4	6549862	14
3510471	41	3622222	11
3510471	19	3622222	4
3529987	45	3578998	34
3578998	6	3687902	41
3578998	37	5583008	28
3578998	38	5569981	15
3587383	2	6549862	10
3589472	12	3730744	16
3589472	12	5604363	10
3597808	40	5604363	19
3600675	15	3807193	12
3610327	1	4572741	2
3610327	18	3611879	16
3610327	18	3730744	16
3610327	28	4773573	3
3611879	38	4638404	26
3611879	23	6549862	14
3611879	16	4908437	11
3611879	23	3683215	8
3611879	31	4681522	20
3611879	23	5725655	2
3611879	31	5583008	28
3622222	7	4572741	2
3632668	7	4681522	4
3632668	14	4972453	7
3632668	7	5308173	5
3687902	11	4773573	19
3692767	10	4203692	13
3692767	3	4273026	9
3692767	3	4396550	7
3692767	3	4203692	13
3712746	3	4572741	2
3712746	6	3730744	5
3712746	11	3743316	49
3712746	6	3743316	16
3712746	15	5225691	5
3712746	3	3883399	28
3712746	6	5937337	15
3712746	11	5569981	2
3724648	17	4586904	14
3730744	5	4007035	7
3730744	5	5349303	7
3743316	1	4992243	2
3800780	5	4181758	7
3800780	3	4572741	2
3800780	5	4823546	16
3800780	5	3896677	8
3807193	22	4396550	7
3818748	14	4153138	14
3818748	14	3994768	34
3860376	18	5725655	18
3862423	12	4586904	14
3862423	12	4681522	20
3896677	9	4074525	24
3896677	9	3925368	17
3896677	8	4356874	31
3896677	9	5349303	12
3925368	23	4396550	7
3954183	19	5166378	20
3954183	19	5604363	10
3954183	56	4992243	4
3994768	22	5583008	6
3994768	23	4681522	13
4007035	7	5166378	25
4153138	13	5216165	4
4153138	14	4908437	11
4181758	7	4438468	5
4203692	13	5142374	7
4203692	13	6392685	36
4273026	9	4356874	37
4356874	27	5349303	20
4416000	18	5583008	6
4416000	5	5142374	1
4438468	12	4908437	11
4572741	2	4992243	23
4572741	2	5873163	2
4586904	2	5308173	5
4874651	15	5216165	4
4972453	7	5937337	11
4972453	4	5569981	16
5096181	13	5569981	15
5142374	8	5216165	4
5166378	20	5725655	2
5937337	16	6166434	23
5937337	8	6166434	23
2928029	180	190
2928029	159	189
2930154	17	21
2930503	5	14
2930503	12	14
2930503	5	18
2930503	12	18
2933395	13	45
2940100	8	13
2960015	8	17
2960015	8	19
2960015	4	8
2961085	14	19
2961085	4	19
2965415	14	17
3011272	7	10
3011272	3	17
3011272	3	10
3011272	3	7
3017782	14	15
3017782	5	14
3019061	19	26
3030892	4	18
3030892	9	20
3030892	27	28
3046990	10	16
3050478	9	19
3050478	5	19
3050478	9	11
3050478	5	9
3050478	5	11
3056623	10	33
3056623	33	39
3056623	26	33
3056623	7	10
3069557	27	40
3069557	13	40
3075313	17	20
3075313	14	20
3077316	9	17
3079277	1	7
3094263	19	28
3094263	19	27
3094263	13	27
3094263	28	30
3094263	27	28
3101039	9	13
3107376	1	15
3116983	7	11
3116983	2	7
3116983	2	11
3131306	5	11
3136962	5	13
3136962	8	16
3136962	16	38
3136962	8	13
3136962	8	38
3143135	7	11
3143135	6	7
3143135	7	8
3181865	7	14
3182094	31	213
3182094	66	137
3182094	8	137
3196637	2	4
3200217	6	20
3247564	4	14
3299998	11	18
3326745	3	10
3341112	14	20
3341112	14	24
3341112	3	20
3357905	19	29
3357905	19	22
3357905	22	29
3358233	22	29
3366058	8	29
3366058	8	12
3366058	12	29
3374941	4	5
3374941	5	8
3374941	4	8
3374941	8	16
3377042	1	12
3400330	20	43
3400330	6	18
3400330	18	31
3400330	6	43
3400330	6	38
3400330	15	31
3408254	4	24
3408254	4	8
3432455	3	17
3432881	25	32
3432881	3	38
3432881	53	78
3432881	32	34
3435598	6	20
3435598	2	4
3435752	8	11
3449553	4	12
3449553	4	5
3449553	5	14
3456797	11	15
3469515	2	30
3469515	2	25
3469515	25	29
3469515	29	30
3470973	3	7
3470973	3	4
3470973	4	7
3476654	4	13
3480246	40	49
3480246	55	58
3480246	43	49
3480246	5	58
3480246	32	34
3554468	8	18
3554468	9	10
3560768	3	13
3630292	10	17
3630292	5	10
3648839	13	27
3650004	9	10
3652766	4	12
3652766	6	12
3652766	4	27
3663681	2	21
3663681	2	23
3663681	23	27
3663681	2	18
3663681	13	18
3663681	3	23
3697476	3	9
3697476	6	9
3697476	3	6
3723214	1	8
3723214	8	19
3788989	1	19
3788989	8	19
3795018	1	5
3795018	5	23
3795018	5	16
3795018	1	16
3797727	4	25
3797727	25	31
3797727	13	25
3797727	4	13
3797727	25	37
3797727	31	37
3808021	2	14
3815306	29	30
3815306	13	30
3815306	17	29
3935020	1	30
3935020	4	5
3935020	2	4
3935020	1	2
3935020	3	10
3935020	5	10
3935020	5	19
3958008	6	9
3984772	3	4
3984772	3	19
3984772	18	19
4061809	27	35
4061809	19	35
4061809	15	35
4076871	1	11
4097366	6	22
4097366	3	8
4097366	7	19
4097366	3	12
4111426	1	28
4111426	1	7
4111426	7	28
4131608	5	15
4131608	12	15
4131608	12	24
4134757	13	28
4134757	4	13
4156656	12	14
4193003	37	56
4193003	8	41
4193003	41	62
4193003	27	56
4193003	8	21
4228422	3	16
4228422	3	29
4322542	6	11
4322542	2	4
4334838	4	11
4336694	9	44
4336694	3	53
4336694	7	36
4336694	5	22
4336694	44	55
4355399	4	18
4355399	13	15
4355399	13	17
4415201	27	32
4415201	11	32
4415201	3	32
4415900	11	21
4415900	20	21
4415900	7	25
4418099	2	10
4418099	9	10
4418099	2	9
4434461	3	21
4552582	10	24
4552582	21	22
4552582	22	24
4646781	2	4
4708943	12	14
4729433	13	17
4831424	5	10
4831424	5	18
4831424	10	16
4831424	10	18
4836884	48	54
4836884	3	11
4836884	11	54
4836884	54	64
4933278	3	9
5145425	23	27
5145425	12	27
5243044	11	15
5243044	7	15
5243044	11	17
5249697	17	21
5287030	1	4
5444355	3	5
5444355	3	18
5475949	9	18
5666714	3	11
5666714	2	5
5666714	3	5
5734180	6	8
5768706	13	21
5768706	15	21
5768706	8	15
5768706	13	15
5911712	3	10
5911712	7	10
5911712	2	7
6109225	11	41
6109225	10	11
6152976	37	38
6152976	23	38
2928029	190	3200217	6
2928029	179	3723214	19
2928029	180	3432881	67
2928029	190	6152976	37
2928029	179	4111426	1
2928029	171	3435752	11
2930154	21	4415900	21
2930154	17	4552582	21
2930154	21	3697476	9
2930154	17	3046990	10
2930154	21	3652766	12
2930154	21	3597775	7
2930503	14	3143135	7
2930503	12	3341112	14
2930503	18	3597775	7
2933395	4	4097366	7
2933395	45	3358233	22
2940100	8	3094263	19
2940100	13	4729433	13
2940100	8	4933278	3
2940100	8	6212900	11
2960015	8	6212900	7
2960015	17	3181865	7
2960015	8	5287030	1
2960015	19	3652766	27
2961085	13	3377042	1
2961085	13	4646781	30
2961085	23	3648839	13
2965415	14	3449553	12
2965415	17	3432455	17
2965415	17	3579495	16
3004904	7	4552582	10
3004904	7	3131306	24
3004904	1	3046990	16
3004904	1	6109225	6
3011272	3	3182094	8
3011272	17	3797727	13
3011272	17	3432455	3
3011272	10	3019061	37
3011272	3	3935020	2
3011272	7	3470973	4
3011272	7	3797727	25
3017782	5	5734180	8
3017782	14	3663681	13
3017782	15	3797727	25
3017782	5	4111426	1
3017782	14	3030892	27
3019061	37	3697476	9
3019061	26	3077316	6
3019061	26	3663681	21
3019061	26	3935020	5
3019061	19	3663681	3
3027311	10	3089868	4
3027311	10	3299998	24
3030892	18	4836884	3
3030892	18	3050478	11
3030892	9	3341483	19
3046990	4	4249528	3
3046990	10	4415201	3
3046990	10	3079277	7
3046990	16	3808021	2
3050478	9	3143135	6
3050478	11	3400330	41
3056623	10	4415900	21
3069557	27	4249528	3
3069557	13	3808021	2
3069557	15	3666199	2
3069557	27	4147558	2
3069557	15	3815306	29
3069557	40	3795018	1
3069557	27	4193003	56
3070255	8	3470973	4
3070255	8	3579495	16
3070255	8	4729433	13
3070255	8	3476654	4
3070255	8	3469515	2
3075313	17	3579495	16
3075313	14	4334838	11
3075313	17	4296890	24
3075313	14	3795018	23
3075313	14	3187851	1
3075313	17	3788989	8
3075313	17	5444355	5
3077316	9	5145425	23
3077316	6	3432455	17
3077316	17	3131306	5
3077316	9	5444355	3
3079277	7	3408254	24
3079277	1	3187851	1
3079277	1	3828984	4
3089868	4	6109225	41
3089868	4	3808021	2
3089868	4	3984772	4
3094263	27	4418099	2
3101039	13	3311695	3
3101039	13	4997946	5
3101039	9	3597775	7
3101039	9	3247564	14
3101039	9	3828984	4
3107376	15	4249528	3
3107376	1	4336694	22
3107376	1	5666714	11
3116983	2	4997946	5
3116983	11	4355399	13
3116983	11	3326745	10
3116983	7	3366058	1
3116983	2	5444355	18
3131306	11	3247564	4
3131306	11	3299998	23
3136962	8	3326745	10
3136962	16	4322542	2
3143135	11	5145425	27
3143135	11	3341483	19
3181865	7	5243044	17
3181865	14	4156656	12
3182094	101	5287030	1
3196637	4	3374941	5
3196637	4	3984772	45
3196637	2	4228422	3
3200217	20	3554468	18
3200217	20	4415201	3
3247564	13	3333138	10
3247564	14	3341483	19
3247564	13	4147558	2
3247564	13	3579495	16
3299998	12	3435752	8
3299998	18	3875284	2
3299998	12	4097366	6
3311695	3	3449553	14
3311695	3	3400330	18
3326745	3	3935020	5
3326745	3	3377042	1
3333138	10	3504430	9
3333138	10	5734180	6
3333138	10	4193003	27
3341112	14	3788989	1
3341112	24	4355399	17
3341112	3	5145425	27
3341483	19	3366058	12
3341483	19	3432881	53
3357905	29	5768706	21
3357905	22	3597775	7
3358233	29	4336694	21
3358233	22	3808021	2
3366058	12	3579495	16
3366058	8	3666199	2
3366058	12	4228422	20
3374941	5	5734180	6
3377042	1	5249697	22
3377042	1	3935020	3
3377042	1	3432881	43
3400330	20	4228422	29
3400330	34	4418099	9
3408254	24	3931192	8
3408254	24	3470973	7
3408254	8	4997946	5
3408254	8	3652766	12
3432455	17	4296890	24
3432455	17	3560768	13
3432455	17	4415201	3
3432881	3	4336694	44
3435598	2	4111426	1
3435752	8	4097366	8
3435752	8	3469515	25
3449553	9	3648839	13
3449553	14	4334838	11
3456797	11	3560768	28
3456797	15	4334838	4
3469515	2	4997946	5
3470973	7	4334838	11
3470973	7	5243044	7
3470973	3	3797727	4
3475389	18	3648839	34
3475389	18	5911712	10
3475389	18	3648839	13
3475389	5	3808021	14
3480246	87	4334838	4
3480246	58	5145425	27
3482213	20	3652766	6
3482213	20	5444355	18
3504430	9	3958008	6
3504430	17	4076871	1
3554468	10	5145425	23
3560768	28	4831424	9
3597775	7	4418099	9
3630292	10	3650004	9
3630292	17	4729433	13
3630292	5	4434461	21
3650004	9	4296890	24
3652766	13	5261198	9
3652766	13	3984772	34
3652766	13	4646781	15
3652766	27	3875284	2
3652766	6	4836884	11
3663681	2	5666714	2
3663681	23	4415900	20
3663681	13	5243044	11
3663681	2	3788989	1
3663681	18	4434461	3
3666199	11	4097366	22
3666199	11	5145425	27
3697476	6	5287030	4
3723214	1	4729433	17
3723214	8	5768706	15
3723214	19	6109225	6
3788989	19	4076871	10
3795018	4	4415201	3
3795018	16	4249528	3
3795018	23	4156656	14
3795018	23	5145425	23
3808021	2	5444355	18
3808021	2	3958008	6
3808021	14	3875284	2
3815306	17	3935020	10
3815306	13	5261198	9
3828984	4	4322542	6
3828984	4	4228422	16
3875284	2	5734180	6
3875284	2	4111426	14
3931192	8	4296890	24
3931192	8	4415900	21
3935020	10	4193003	62
3958008	6	4147558	2
3984772	38	5249697	21
3984772	18	4111426	28
4061809	27	6152976	38
4061809	13	4552582	21
4076871	1	4415201	27
4097366	22	4552582	21
4097366	6	5768706	21
4131608	13	4729433	17
4147558	2	4646781	24
4156656	12	4418099	10
4193003	41	4836884	11
4228422	20	5734180	6
4228422	16	4334838	11
4334838	4	5768706	21
4336694	5	4646781	8
4355399	15	5287030	1
4418099	10	5444355	5
4831424	16	6212900	11
4933278	9	6212900	4
4933278	9	5734180	6
4997946	5	5287030	4
4997946	5	5249697	17
4997946	5	6109225	41
5243044	7	6212900	7
5249697	17	6152976	23
5287030	4	5666714	11
5666714	2	5734180	8
2942175	7	10
2942175	10	15
2942806	2	4
2942806	2	37
2942806	4	20
2980745	11	20
2980745	11	15
2980745	15	20
2981816	1	13
2981816	11	21
2981816	1	5
2981816	5	13
2981816	11	13
2983851	1	14
2990425	1	14
2990425	7	12
2990425	7	14
2990425	1	12
2991303	21	22
2991303	11	21
2999543	2	13
2999543	6	13
3013806	5	11
3013806	5	12
3013806	11	12
3014305	9	10
3016166	7	18
3016166	6	18
3018183	3	7
3019109	1	30
3019109	6	30
3019109	1	6
3025400	11	16
3025400	2	16
3027110	8	13
3027110	2	13
3027110	2	8
3030668	6	11
3030668	5	16
3030668	11	16
3030668	6	16
3036754	8	13
3036754	2	13
3042854	16	21
3042854	19	21
3042854	16	19
3059522	1	11
3059522	6	11
3072221	4	6
3072221	4	8
3078459	2	26
3078995	8	16
3078995	8	11
3078995	7	16
3083664	9	17
3083664	9	19
3083664	9	23
3083664	17	19
3090925	1	47
3091396	17	21
3091396	25	34
3091396	23	25
3091396	4	21
3091396	25	31
3091396	23	31
3091396	17	31
3129791	1	16
3134589	9	13
3134589	5	13
3134589	5	9
3178852	10	15
3178852	12	14
3178852	20	39
3178852	8	12
3181362	14	19
3196368	32	38
3196368	15	38
3196368	38	42
3196368	1	32
3196368	1	34
3196368	32	42
3196368	30	42
3209529	32	38
3220245	2	17
3220245	17	24
3220245	17	19
3221454	3	4
3236759	3	23
3257687	11	23
3257687	23	31
3257687	11	31
3295292	1	13
3295292	8	13
3295292	1	8
3315161	10	24
3317445	14	17
3347587	17	25
3347587	29	35
3347587	14	35
3347587	17	35
3385128	26	31
3385128	28	31
3385128	28	33
3385128	31	33
3396631	16	104
3396631	67	78
3398681	15	16
3398681	16	17
3399014	18	26
3399014	18	27
3399014	1	15
3399014	17	26
3400424	18	29
3400424	18	26
3408718	5	21
3408718	27	30
3439965	14	22
3439965	18	22
3439965	22	24
3453476	7	29
3508628	6	12
3508628	11	12
3544366	13	20
3544366	11	16
3552376	1	2
3552376	1	6
3556158	33	37
3556158	6	34
3602977	7	11
3613585	12	16
3615106	2	17
3615106	4	17
3615106	5	17
3615106	9	17
3615106	5	9
3635793	3	21
3637250	17	23
3668917	20	24
3688509	17	26
3688509	19	26
3688509	22	26
3688509	4	26
3688509	4	19
3688576	5	39
3688576	16	39
3688576	13	39
3688576	3	21
3712799	13	15
3755005	5	10
3774109	21	29
3774109	10	21
3819588	16	18
3819588	18	44
3819588	16	44
3830119	4	27
3833514	4	13
3840810	3	10
3840810	1	3
3840810	3	5
3840810	1	5
3840810	5	10
3845245	24	32
3845245	24	36
3845245	18	27
3858115	16	29
3858115	2	80
3868191	13	29
3868191	4	29
3868191	4	13
3875952	8	16
3882204	9	11
3882204	6	9
3887651	7	14
3887651	2	5
3887651	2	14
3887651	5	14
3896074	12	15
3896074	12	17
3900523	53	73
3900523	2	28
3900523	2	50
3900523	28	50
3900523	28	33
3987668	9	35
3987668	9	37
3987668	20	37
3987668	35	37
3987668	3	32
4161982	2	17
4197678	18	33
4197678	3	33
4197678	8	10
4263802	20	38
4263802	20	33
4296357	15	22
4296357	11	22
4341913	4	66
4341913	30	40
4341913	62	68
4446467	24	38
4446467	3	18
4446467	18	32
4446467	3	32
4513448	9	13
4550086	5	7
4571330	7	16
4571330	27	67
4571330	1	16
4571330	7	13
4571330	1	27
4571330	1	13
4588024	1	19
4680788	11	35
4680788	6	13
4680788	13	18
4680788	13	21
4680788	11	13
4680788	6	21
4746337	4	9
4774362	4	16
4774362	61	72
4855952	3	20
4857044	6	24
4857044	19	24
4857044	6	19
5015107	1	4
5015107	1	12
5043972	11	14
5043972	4	8
5043972	11	15
5043972	8	11
5072416	4	13
5077481	8	10
5077481	2	8
5153714	10	12
5196965	2	19
5274598	11	13
5327610	3	12
5327610	25	26
5544358	1	11
5587543	34	38
5675606	25	32
5675606	11	32
5675606	11	25
6230258	3	22
6230258	3	43
6230258	22	32
6573530	47	50
6573530	30	43
6573530	28	47
2942175	7	3882204	6
2942806	37	4161982	17
2942806	2	4513448	13
2942806	20	3868191	4
2942806	2	3018183	3
2973326	7	3544366	1
2973326	7	5675606	32
2973326	7	4274308	2
2980745	15	4855952	3
2980745	20	5373057	5
2981816	21	3887651	2
2981816	5	3833514	13
2981816	11	3742969	11
2981816	21	3398681	16
2983851	1	4341913	28
2983851	14	5327610	7
2983851	8	3178852	15
2983851	8	3209529	38
2983851	14	3891645	16
2983851	1	3019109	30
2990425	1	3129791	16
2990425	1	4855952	3
2990425	12	4197678	3
2991303	22	3868191	13
2991303	21	3688509	19
2991303	28	3137953	3
2991303	22	3871681	21
2999543	2	3688576	21
2999543	13	5587543	34
3013806	11	3544366	20
3013806	12	3613585	16
3013806	11	3868191	4
3013806	5	3394509	3
3014305	9	3317445	17
3014305	2	3078459	2
3014305	10	3134589	9
3014305	2	5327610	12
3014305	2	5043972	4
3014305	9	3072221	6
3016166	7	3871681	21
3016166	7	3027110	13
3016166	6	3635793	3
3016166	7	4446467	32
3016166	18	3265368	16
3016166	6	3196368	38
3018183	7	3635793	21
3019109	1	3209529	32
3019109	6	3538539	9
3019109	1	4274308	2
3019109	1	3635793	3
3019109	1	4746337	4
3025400	2	3399014	26
3025400	11	3819588	18
3027110	8	3078995	7
3027110	8	3072221	8
3027110	2	3830119	4
3030668	5	4855952	3
3030668	6	3236759	3
3030668	5	4571330	13
3030668	5	3196368	10
3030668	11	3774109	21
3030668	5	5544358	11
3030668	16	3387525	14
3030668	6	3868191	4
3030668	5	3315161	10
3030668	6	3315161	24
3036754	13	3858115	18
3036754	8	3712799	15
3036754	8	3900523	28
3036754	8	3072221	8
3036754	2	3209529	38
3042854	19	3079593	7
3042854	21	3439965	14
3042854	21	3078459	18
3042854	19	3408718	27
3042854	16	3257687	23
3042854	16	3615106	9
3042854	16	5274598	13
3059522	11	3712799	15
3059522	6	5587543	54
3059522	11	4550086	5
3069800	11	4161982	2
3069800	11	4571330	67
3069800	11	6573530	2
3069800	11	5153714	12
3072221	4	3340508	6
3072221	8	3129791	1
3078459	18	4297691	3
3078459	2	3858115	2
3078459	2	3891645	16
3078995	8	5373057	5
3078995	8	4161982	17
3078995	11	3317445	14
3079570	4	3400424	26
3079570	10	4263802	20
3079570	10	3668917	24
3079593	7	3400424	29
3079593	7	4550086	5
3083664	19	3840810	3
3083664	9	4296357	15
3083664	9	3400424	18
3083664	19	4341913	28
3083664	23	3887651	14
3083664	23	4274308	2
3083664	17	4774362	78
3090925	32	5861947	13
3090925	16	3508628	6
3090925	16	3556158	37
3090925	32	3317445	14
3090925	1	3387525	14
3091396	31	3221454	3
3091396	21	3508628	11
3091396	4	3216408	15
3129791	12	3453476	29
3134589	9	3387525	14
3134589	13	3774109	21
3134589	13	6230258	43
3134589	9	3181362	14
3137953	3	4680788	6
3137953	3	5015107	4
3137953	3	3882204	6
3137953	3	3868191	13
3138464	10	3315161	33
3178852	12	3387525	14
3180549	14	5373057	5
3180549	14	3340508	13
3180549	14	3712799	15
3180549	14	3340508	21
3181362	14	4550086	7
3181362	19	4513448	9
3181362	14	4197678	3
3196368	10	3987668	9
3196368	34	5072416	4
3209529	32	3637250	17
3209529	38	3544366	20
3209529	38	3896074	15
3209529	32	6230258	3
3209529	38	3858115	32
3209529	32	3925786	20
3216408	15	3712799	15
3216408	15	3887651	5
3216408	15	5196965	19
3216408	15	4746337	4
3220245	6	3556158	33
3220245	19	3453476	29
3220245	6	4197678	8
3220245	27	3394509	4
3221454	3	3508628	11
3221454	4	4746337	9
3221454	3	5077481	10
3221454	4	3887651	7
3236759	23	5153714	12
3295292	1	5861947	13
3315161	25	3398681	16
3340508	13	4197678	41
3340508	13	5015107	1
3340508	21	3399014	26
3347587	17	3602977	11
3347587	14	4550086	7
3385128	26	4588024	19
3385128	31	5274598	13
3387525	14	5587543	45
3387525	14	5072416	13
3387525	14	3399014	9
3394509	3	4513448	13
3394509	4	3434452	27
3394509	3	3439965	18
3394509	3	6230258	32
3396631	18	3544366	20
3396631	67	3615106	5
3398681	16	3871681	21
3398681	15	5587543	45
3398681	15	3434452	27
3398681	16	5861947	13
3399014	1	5015107	4
3399014	7	6230258	22
3400424	29	6230258	32
3400424	26	4746337	9
3434452	27	5373057	5
3439965	18	3845245	32
3439965	22	3615106	17
3439965	14	3896074	15
3439965	22	5196965	2
3453476	29	3896074	17
3453476	29	5544358	1
3453476	29	4680788	13
3508628	11	6573530	50
3508628	11	3887651	14
3508628	6	3688509	17
3508628	12	3688509	22
3538539	9	5196965	19
3544366	16	6230258	43
3552376	1	5043972	8
3552376	6	3840810	1
3556158	37	4680788	35
3602977	7	5544358	11
3613585	16	3900523	76
3613585	12	4746337	4
3615106	4	4680788	21
3615106	17	4774362	16
3615106	17	4571330	1
3637250	17	6573530	21
3688509	19	3845245	32
3688509	4	5544358	11
3688509	4	6230258	22
3688576	9	3774109	10
3688576	24	5373057	5
3688576	25	3840810	10
3712799	13	4197678	33
3712799	15	5015107	12
3742969	11	3755005	5
3755005	5	5196965	19
3774109	10	4857044	24
3774109	21	4263802	38
3774109	29	6573530	21
3774109	21	3830119	4
3774109	29	3896074	12
3830119	27	4341913	8
3833514	4	3891645	16
3848020	15	4296357	27
3848020	15	4571330	59
3858115	2	5544358	11
3858115	29	5077481	2
3871681	21	4297691	3
3875952	16	5373057	5
3875952	10	4857044	6
3875952	16	6573530	21
3882204	11	4341913	4
3882204	6	5153714	10
3887651	2	3925786	20
3887651	5	3896074	17
3891645	16	4513448	9
3900523	53	4774362	47
3987668	9	6293841	23
4161982	2	4341913	4
4263802	33	5373057	5
4341913	13	5196965	2
4341913	40	6230258	32
4446467	32	4855952	20
4513448	13	4680788	6
4550086	7	5274598	13
4550086	5	4571330	51
4550086	5	5015107	14
4588024	1	5613764	35
4588024	19	5043972	8
4774362	41	5077481	10
5077481	8	5153714	12
5327610	19	5373057	5
5587543	20	6573530	47
5613764	35	5675606	11
2933542	12	20
2945096	22	31
2945096	31	43
2945096	22	47
2948360	9	28
2948360	13	16
2948360	9	16
2948913	7	8
2948913	6	8
2948913	6	10
2951768	116	133
2951768	90	110
2951768	69	124
2951768	103	146
2956414	3	13
2957438	3	14
2957438	9	14
2959880	13	16
2959880	16	20
2987649	15	18
2987649	13	15
2998239	25	64
2998239	83	85
2998239	25	58
2998239	74	76
3033454	2	19
3033454	18	19
3033454	2	18
3041467	8	12
3041467	8	16
3041467	12	16
3053338	11	36
3053338	13	36
3072911	2	13
3092388	8	20
3121907	11	25
3125601	1	28
3125601	17	28
3125601	3	17
3125601	1	3
3135079	6	13
3163249	2	15
3163249	14	15
3164196	4	14
3164196	4	8
3164196	8	14
3169780	24	37
3169780	24	40
3169780	8	37
3180237	10	16
3180237	2	16
3180325	10	12
3203733	17	30
3203733	66	91
3203733	30	91
3216273	8	16
3219778	35	45
3219778	52	60
3219778	45	60
3222942	9	26
3224117	15	45
3224117	15	31
3224117	31	45
3224117	31	42
3224117	42	45
3226241	2	6
3239653	6	23
3262524	3	15
3262524	3	12
3274388	15	18
3274388	17	30
3303074	7	11
3303074	1	50
3303074	21	43
3303116	11	34
3312554	5	21
3312554	8	21
3331263	11	29
3331263	22	32
3331263	20	29
3331263	20	22
3331263	11	32
3331263	18	22
3333183	65	69
3333183	57	65
3333183	57	69
3333183	22	61
3333545	10	16
3333557	14	28
3333557	14	23
3333977	12	14
3347140	4	13
3347140	2	12
3347140	4	12
3354583	11	18
3354583	8	18
3354583	8	11
3354583	10	13
3375229	17	33
3375229	33	45
3392344	3	8
3392344	3	10
3392344	8	10
3441152	10	22
3441152	10	16
3453478	4	11
3453478	4	31
3453478	4	6
3453478	6	31
3511864	2	3
3543122	1	27
3543122	1	13
3550939	54	77
3550939	30	67
3550939	44	77
3550939	44	54
3550939	44	63
3568326	8	18
3572691	20	41
3572691	15	41
3593112	1	5
3593112	7	14
3593112	1	7
3593112	3	20
3653572	23	28
3653572	17	24
3653572	6	24
3653572	2	17
3666718	8	14
3666718	8	17
3666718	12	16
3666718	8	12
3729721	10	12
3729721	12	29
3732465	20	24
3748986	6	12
3748986	12	16
3748986	7	12
3748986	7	16
3819615	1	4
3819615	4	8
3834158	10	14
3834158	14	20
3834158	10	20
3847911	4	11
3879977	19	25
3879977	19	31
3879977	13	25
3922289	1	14
3922289	5	14
3922289	7	14
3922289	5	7
3964350	49	69
3964350	36	49
3982894	8	12
4045867	3	5
4100053	17	21
4100053	12	17
4137140	8	28
4168892	10	12
4168892	12	14
4187510	26	39
4187510	18	26
4187510	41	42
4221139	3	13
4221139	5	13
4371004	21	23
4371004	13	21
4422265	26	42
4422265	2	42
4448255	8	19
4448255	8	16
4448255	14	24
4448255	16	24
4448255	3	16
4474577	21	27
4474577	3	21
4474577	3	39
4474577	21	26
4535518	12	30
4535518	12	16
4535518	27	31
4535518	13	27
4546107	4	15
4565194	23	30
4565194	3	22
4565194	22	29
4572322	10	15
4572322	19	20
4572322	8	20
4586797	5	11
4626694	13	31
4626694	14	15
4626694	13	19
4626694	14	19
4644635	15	16
4658287	12	15
4718905	4	34
4718905	10	34
4718905	4	10
4861659	3	15
4883718	17	23
4883718	17	25
4883718	15	23
4903197	7	11
4903197	7	15
4903197	11	15
4903197	2	7
4936479	5	34
4936479	21	46
4936479	11	28
4936479	2	34
4936479	5	42
4990126	8	19
4990126	1	16
4990557	16	25
4990557	19	25
4990557	16	19
5070789	25	52
5070789	4	38
5070789	3	8
5103952	12	16
5123271	1	20
5123271	5	20
5123271	20	30
5123271	1	5
5123271	1	30
5307554	20	22
5307554	20	31
5307554	22	31
5307554	13	22
5438769	7	11
5478140	4	18
5478140	2	15
5478140	4	15
5478140	4	12
5553911	13	23
5553911	23	27
5553911	8	12
5629608	10	13
5629608	10	15
5629608	13	15
5630205	2	4
5630205	3	4
5997749	7	15
6121003	23	36
6121003	31	36
6317420	23	29
6432391	16	24
6432391	16	50
2933542	12	3305207	8
2933542	12	4137140	28
2938943	9	3375229	45
2945096	40	5438769	7
2945096	43	4572322	10
2945096	47	4004412	12
2945096	22	3239653	6
2945096	31	4626694	15
2945096	22	5123271	5
2948360	27	4535518	16
2948360	9	3543122	27
2948360	16	3216273	8
2948360	13	3876919	19
2948360	16	3876919	19
2948360	5	3222942	9
2948360	13	2998239	83
2948360	27	3072911	2
2948913	6	5630205	4
2948913	8	3593112	3
2948913	8	6121003	17
2951768	109	5438769	7
2951768	16	3598507	11
2951768	103	5586718	3
2956414	3	4697554	17
2956414	3	3593112	3
2956414	13	3053338	13
2956414	13	3453478	16
2956414	13	3041467	8
2956414	3	3121907	6
2956414	3	3735092	6
2957438	9	4371004	25
2959267	10	4221139	5
2959267	10	5123271	20
2959880	20	4883718	8
2959880	20	5586718	5
2959880	20	5586718	7
2959880	13	4535518	13
2987649	10	4535518	30
2987649	10	4586797	11
2987649	10	5307554	13
2987649	19	3346010	4
2987649	13	3550939	32
2998239	80	4422265	42
2998239	6	5070789	52
3033454	2	3392344	3
3033454	18	3687570	1
3033454	18	3876919	19
3033454	2	3305207	8
3041467	16	3748986	7
3041467	8	3620810	17
3041467	16	3964350	42
3053338	36	4861659	15
3053338	11	5928307	8
3053338	36	3219778	35
3072911	13	3598507	11
3072911	2	4861659	15
3092388	8	4586797	11
3092388	20	3239653	6
3092388	20	3653572	28
3092388	20	5103952	12
3092388	8	3593112	14
3095182	12	3879977	25
3095182	12	3347140	2
3095182	19	3748986	7
3121907	6	5103952	12
3121907	25	3982894	8
3121907	6	3550939	67
3121907	6	5586718	5
3121907	6	5478140	18
3121907	25	4535518	12
3121907	25	3700767	8
3125601	28	3354583	14
3125601	3	4137140	8
3135079	6	4448255	3
3135079	6	4422265	26
3135079	13	6121003	31
3135079	13	3274388	23
3163249	14	3303116	11
3163249	15	6121003	23
3163249	14	4546107	4
3164196	4	4422265	26
3169780	8	4221139	13
3169780	37	5438769	7
3180237	10	4861659	3
3180237	10	4423549	23
3180237	13	4990126	19
3180325	10	3347140	2
3180325	1	4083737	9
3180325	12	5592004	18
3180325	12	4644635	6
3180325	1	3834158	14
3180325	12	3834158	20
3203733	91	4626694	19
3203733	78	5478140	4
3203733	17	4936479	46
3203733	22	3511864	3
3210677	12	3821465	7
3210677	12	5103952	16
3210677	22	3262524	3
3216273	2	3879977	19
3216273	6	3653572	23
3216273	10	4861659	15
3216273	6	4697554	17
3219778	35	3303116	11
3219778	35	4565194	30
3219778	60	4187510	4
3222942	9	4626694	15
3222942	9	3312554	21
3222942	26	4474577	16
3222942	26	4572322	19
3222942	26	5486964	11
3222942	26	3333557	28
3224117	31	5478140	15
3224117	35	3700767	8
3226241	8	4100053	17
3239653	23	3333977	12
3239653	6	4221139	3
3239653	6	3847911	4
3239653	6	6121003	17
3239653	23	3964350	49
3239653	6	3543122	1
3239653	23	4266506	8
3262524	12	4990126	1
3262524	15	4718905	34
3262524	4	4045867	5
3262524	12	3653572	28
3265508	7	5630205	19
3265508	7	3311731	1
3274388	17	6317420	29
3274388	30	4936479	18
3274388	23	4371004	11
3274388	1	4266506	8
3274388	15	4936479	20
3303074	50	3331263	22
3303074	38	3346010	4
3303116	11	5307554	22
3303116	34	3354583	14
3305207	8	5928307	8
3311731	1	4644635	11
3311731	1	4546107	15
3312554	8	4718905	34
3331263	22	3354583	18
3333183	65	3821465	7
3333183	23	3511864	3
3333183	55	4004412	12
3333545	16	3834158	10
3333557	28	5070789	11
3333557	28	4990557	18
3333557	28	5592004	18
3333557	28	4572322	10
3333977	12	5586718	3
3333977	12	4697554	17
3346010	4	4422265	26
3347140	4	5478140	12
3354583	8	4903197	11
3375229	33	4718905	34
3375229	33	3543122	19
3375229	6	3666718	14
3375229	6	3568326	8
3375229	17	3653572	15
3392344	14	3982894	8
3392344	8	3700767	8
3392344	3	3550939	91
3441152	16	6121003	31
3441152	16	4718905	34
3453478	31	4168892	12
3511864	2	3821465	7
3511864	2	3847911	19
3543122	13	5307554	20
3543122	30	4861659	3
3543122	27	4658287	15
3550939	91	5592004	18
3568326	18	4474577	21
3568326	18	5630205	4
3568326	18	4572322	19
3568326	8	5997749	15
3568326	8	3598507	11
3568326	8	6121003	17
3593112	5	4572322	19
3593112	3	5655015	1
3593112	14	5438769	7
3593112	3	5629608	10
3598507	11	4448255	14
3598507	11	4363050	10
3598507	11	3700767	8
3620810	17	4586797	11
3653572	17	4474577	21
3666718	12	3732465	1
3666718	8	3964350	36
3666718	12	3819615	1
3666718	8	4423549	23
3687570	1	4137140	30
3687570	1	4221139	3
3700767	8	4535518	13
3700767	8	4936479	2
3729721	73	5438769	7
3732465	1	5629608	15
3819615	4	4137140	25
3821465	7	4718905	10
3821465	7	5997749	15
3821465	7	5070789	3
3821465	7	4363050	10
3834158	10	3879977	19
3834158	14	3876919	19
3847911	11	4187510	26
3847911	19	5553911	23
3876919	19	5630205	2
3879977	31	4474577	39
3964350	54	4474577	26
3982894	8	4535518	31
3982894	12	5307554	13
4004412	12	4718905	34
4083737	9	4546107	15
4137140	24	6432391	39
4168892	14	4990557	25
4168892	12	4266506	8
4187510	25	5630205	19
4221139	13	5478140	18
4221139	3	5592004	18
4266506	12	5486964	11
4363050	10	4546107	4
4363050	10	5478140	15
4363050	10	4626694	19
4371004	25	5070789	11
4423549	23	4990126	33
4448255	8	4565194	23
4448255	24	4936479	21
4474577	21	5070789	12
4535518	12	5997749	15
4535518	27	6432391	12
4535518	30	4572322	15
4535518	27	4883718	25
4546107	15	4883718	25
4572322	20	4861659	15
4572322	15	4990557	19
4626694	14	5629608	10
4626694	14	4903197	2
4644635	15	6317420	23
4697554	17	5630205	4
4718905	4	5070789	25
4861659	15	5997749	15
4936479	34	5592004	18
4936479	2	6432391	24
4990126	13	5630205	2
4990557	25	5630205	19
5070789	8	5553911	27
5486964	11	5586718	5
5629608	10	5630205	3
5997749	7	6317420	29
6121003	31	6432391	24
2933163	23	38
2933163	23	24
2933163	1	23
2933757	7	22
2933757	7	35
2933757	22	35
2934314	46	52
2934314	46	65
2946800	11	12
2946800	11	23
2946800	12	23
2946860	2	45
2946860	24	41
2965079	31	173
2965079	75	151
2965079	94	133
2965079	70	99
2965079	69	75
2965079	55	161
2978540	9	38
2978540	9	53
2978540	31	38
2995525	6	25
2995525	6	11
2995525	11	25
2998321	22	24
3001222	4	14
3001222	43	47
3001222	25	38
3001222	4	15
3001222	38	51
3034087	1	18
3038454	16	30
3038454	10	16
3038454	10	25
3045547	24	40
3045547	22	40
3058533	9	16
3060378	2	3
3060378	3	10
3072529	5	13
3073670	14	16
3078932	13	76
3078932	52	89
3078932	13	52
3094377	14	15
3094377	3	21
3096944	2	7
3096944	7	14
3103226	14	15
3112131	19	33
3112131	19	20
3131124	18	27
3131124	18	21
3143506	11	13
3143506	18	47
3152330	8	15
3152605	17	26
3152605	22	26
3167372	52	56
3167372	38	56
3167372	7	41
3167372	41	52
3167372	7	52
3167372	7	56
3195032	12	13
3195032	12	16
3195032	13	16
3206118	91	111
3206118	45	125
3206118	54	91
3220578	22	42
3220578	26	42
3229685	52	60
3229685	60	72
3229685	8	72
3240202	15	21
3240202	6	15
3241167	6	21
3241167	6	16
3241167	16	21
3289599	20	22
3290049	2	22
3338776	26	29
3349100	1	12
3349100	1	4
3371502	8	21
3385431	10	11
3388331	4	6
3389267	9	17
3404934	5	22
3405146	27	75
3405146	1	30
3405146	1	9
3461570	1	21
3480347	7	16
3515754	2	9
3545397	11	18
3583022	6	23
3597090	7	35
3597090	7	9
3597090	8	21
3597090	7	8
3597090	27	35
3609965	19	74
3609965	19	64
3609965	11	74
3609965	16	74
3610351	1	15
3614913	53	57
3614913	50	63
3614913	48	61
3614913	42	50
3633758	3	26
3633758	13	26
3633758	3	13
3733434	6	20
3733434	11	20
3775885	10	14
3775885	4	10
3775885	4	14
3812858	50	64
3812858	3	34
3812858	28	49
3812858	34	64
3841486	15	25
3842480	25	36
3842480	21	36
3842480	11	21
3842480	29	56
3842480	25	58
3842480	21	56
3842480	34	49
3842480	11	45
3842480	45	49
3857608	9	13
3857893	13	19
3857893	19	22
3857893	13	22
3862073	9	30
3863781	9	20
3869087	5	41
3869087	5	20
3869087	13	30
3869087	18	30
3869087	3	5
3869087	13	41
3869087	18	36
3902369	15	43
3902369	2	17
3902369	17	36
3902369	2	11
3903448	30	52
3903448	52	77
3903448	23	64
3903448	8	23
3903448	52	60
3903448	16	79
3918709	7	19
3918709	35	40
3918709	19	35
3920288	39	65
3920288	37	51
3920288	6	8
3920288	46	65
3998859	4	21
4075380	15	54
4075380	45	49
4083302	15	38
4083302	12	14
4083302	15	42
4083302	14	38
4083302	11	42
4083302	4	14
4090020	6	23
4090020	2	15
4090020	6	15
4103692	2	6
4103692	1	2
4103692	1	6
4114194	3	7
4114194	7	24
4132843	3	18
4183917	3	43
4183917	3	38
4183917	3	41
4183917	20	41
4314368	3	10
4314368	3	7
4314368	7	10
4314368	1	10
4366054	4	13
4366054	3	10
4378215	7	16
4378215	5	16
4401897	4	13
4442319	33	36
4442319	19	24
4442319	33	37
4442319	6	37
4442319	24	33
4459426	17	19
4459426	4	12
4477072	6	15
4479375	4	11
4513469	25	38
4513469	11	23
4536310	7	12
4545833	8	13
4545833	13	15
4570220	1	33
4570220	34	48
4570220	26	48
4570220	26	34
4582999	13	19
4681922	9	22
4701008	3	27
4701008	21	30
4701008	7	58
4701008	36	78
4705288	10	26
4705288	10	19
4705288	19	26
4740006	3	6
4832920	4	60
4832920	47	72
4832920	27	69
4832920	49	73
4898323	17	45
4898323	16	67
4898323	23	30
4898323	16	45
5191227	16	23
5197836	6	11
5197836	19	26
5197836	6	19
5197836	11	26
5197836	6	21
5306079	6	10
5308070	18	26
5308070	17	18
5360404	10	33
5360404	8	10
5360404	3	10
5360404	1	8
5445402	8	9
5498592	5	28
5498592	5	23
5702934	3	21
5702934	3	5
2933163	24	4398262	3
2933163	23	3404934	5
2933163	38	3073670	14
2933163	1	3122006	17
2933163	24	3842480	11
2933163	24	2995525	25
2933757	22	2934314	110
2933757	22	3034087	65
2933757	7	3152330	13
2934314	65	4093715	12
2934314	126	3659465	27
2934314	73	3389267	10
2946800	12	3944583	7
2946800	11	3055349	10
2946860	56	3001222	25
2946860	19	4183917	41
2946860	41	4545833	15
2965079	112	4314368	10
2965079	112	5702934	24
2965079	93	3229685	60
2978540	57	5191227	16
2978540	53	4252139	2
2978540	31	3583022	6
2978540	31	4740006	3
2978540	38	3060378	20
2978540	38	3112131	20
2995525	25	4132843	3
2995525	25	4495217	15
2995525	6	4477072	15
2995525	11	4536310	12
2996220	21	3902369	2
2996220	21	5702934	5
2996220	21	4401897	4
2996220	21	4166787	22
2998321	24	3122006	17
2998321	22	3950623	16
3001222	38	4083302	11
3001222	14	3998859	21
3001222	38	4582999	17
3001222	51	3837388	13
3001222	1	3103226	14
3001222	4	3869087	36
3001222	1	3842480	45
3007480	1	3404934	22
3007480	1	3073670	6
3007480	1	3597090	27
3007480	1	3388331	6
3007480	1	4740006	6
3007480	1	3055349	10
3028348	2	4075380	45
3028348	2	3842480	56
3028348	2	3733434	11
3028348	2	3610351	15
3028348	2	3882632	1
3028348	2	3193774	5
3034087	23	4252139	2
3038454	16	3073670	14
3038454	25	3842480	25
3038454	16	4681922	9
3038454	30	4252139	2
3038454	30	3338776	29
3038454	25	4740006	6
3038454	10	3659465	4
3038454	10	3515754	2
3045547	22	4681922	22
3045547	25	4513469	25
3045547	25	3857608	9
3045547	25	3659465	27
3055349	10	3480347	16
3055349	10	4495217	15
3058533	9	3597090	8
3058533	9	3122006	17
3058533	9	3216157	4
3060378	10	4442319	24
3072529	5	4252139	2
3072529	5	3461570	21
3072529	13	4582999	13
3072529	13	3206118	6
3073670	6	3075157	16
3073670	14	3195032	16
3075157	16	3338776	21
3078932	76	4477072	15
3078932	76	3545841	9
3078932	94	4378215	7
3078932	13	3103226	14
3087405	4	3112131	19
3087405	4	4083302	4
3094377	11	4832920	72
3094377	11	4398262	3
3094377	15	3950623	16
3094377	15	3812858	28
3094377	21	5104893	22
3096944	14	3857893	13
3096944	7	4314368	7
3096944	14	3290049	22
3096944	2	4570220	37
3103226	15	4083302	14
3103226	15	5702934	5
3103226	14	4832920	63
3103226	14	3388331	6
3103226	15	4398262	3
3112131	2	3902369	17
3112131	19	4740006	3
3122006	17	5445402	9
3122006	17	3610351	1
3131124	18	4132843	18
3131124	21	3216157	4
3131124	21	4366054	3
3143506	47	4401897	13
3143506	47	3289599	22
3143506	18	3862073	27
3152330	8	3863781	9
3152330	13	4083302	15
3152330	8	3862073	30
3152330	15	4090020	6
3152605	17	3290049	2
3152605	17	3290049	22
3152605	26	4832920	4
3152605	11	4401897	4
3167372	56	3597090	8
3167372	7	4832920	27
3193774	5	3841486	15
3193774	5	3371502	21
3193774	5	3480347	7
3193774	5	4495217	15
3193774	5	3229685	72
3195032	13	3405146	30
3195032	16	4570220	1
3206118	111	4378215	5
3216157	4	3290049	2
3216157	4	3842480	45
3220578	26	3461570	21
3220578	24	3241167	21
3220578	42	5197836	6
3220578	24	4292045	7
3220578	24	3371502	21
3229685	46	3841486	25
3229685	72	3610351	15
3229685	19	4545833	15
3229685	19	3812858	3
3240202	15	4570220	48
3240202	15	4442319	36
3240202	16	5104893	22
3241167	16	3882632	24
3241167	16	3614913	63
3241167	16	3659465	27
3241167	16	3597090	27
3290049	22	4898323	23
3290049	22	3609965	47
3290049	22	4495217	15
3290049	2	5702934	21
3338776	26	4513469	11
3338776	21	4733211	11
3338776	21	5702934	24
3338776	29	3609965	19
3338776	26	4898323	45
3338776	21	5498592	23
3349100	4	4075380	54
3349100	12	3461570	21
3371502	8	5191227	11
3371502	8	5197836	11
3371502	8	3841486	15
3385431	10	3863781	20
3385431	8	4090020	15
3385431	11	4898323	45
3385431	8	3614913	42
3388331	6	3583022	6
3389267	17	3633758	26
3389267	10	4545833	15
3404934	22	3583022	6
3404934	22	4705288	19
3404934	5	4103692	2
3404934	22	5702934	21
3461570	23	4314368	10
3480347	7	4740006	6
3480347	16	4832920	4
3515754	9	4479375	4
3515754	2	4183917	43
3545397	18	4093715	12
3545397	11	6249350	9
3545397	11	4442319	37
3545841	9	4536310	7
3583022	6	4915385	21
3583022	23	3903448	60
3597090	7	4114194	24
3609965	74	4401897	13
3609965	47	4915385	21
3609965	16	4075380	15
3614913	49	4314368	3
3633758	3	6249350	9
3633758	26	3857608	9
3633758	26	4898323	17
3659465	27	3869087	18
3659465	4	3918709	33
3733434	11	4378215	16
3733434	11	4090020	2
3812858	28	4314368	7
3812858	13	4681922	22
3837388	13	4401897	4
3837388	13	4398262	3
3857893	19	4701008	43
3857893	22	4915385	21
3862073	27	3882632	1
3862073	30	4090020	15
3862073	30	3918709	7
3862073	9	3918709	33
3863781	20	4740006	6
3863781	9	5308070	26
3863781	9	5702934	10
3863781	9	4898323	17
3882632	24	3902369	17
3902369	43	4495217	15
3902369	43	4477072	15
3902369	15	4705288	10
3902369	15	5308070	26
3902369	36	5360404	8
3903448	64	4442319	6
3920288	51	4898323	17
3950623	16	4366054	3
3950623	16	4378215	5
3950623	16	4075380	54
3998859	4	4183917	20
3998859	4	4898323	30
4083302	12	4166787	22
4090020	4	4378215	9
4103692	6	4314368	7
4132843	3	4378215	5
4132843	18	4378215	7
4166787	22	5306079	10
4252139	2	4915385	21
4252139	2	5360404	3
4292045	7	5498592	28
4292045	7	6249350	9
4398262	3	4701008	7
4442319	36	4570220	34
4442319	33	4513469	32
4442319	37	5104893	22
4442319	19	4705288	10
4479375	4	4513469	38
4495217	15	4582999	13
4513469	23	4681922	22
4536310	12	4898323	17
4545833	13	4570220	48
4545833	15	5191227	16
4545833	13	5306079	6
4570220	33	6249350	9
4740006	3	4898323	45
4898323	16	5702934	21
5197836	33	5702934	24
5498592	23	6249350	9
2942417	9	17
2943468	6	21
2943468	3	15
2943468	6	25
2943468	6	15
2943468	3	25
2955947	16	17
2955947	14	17
2955947	4	17
2966708	1	14
2981724	3	15
2981724	3	8
2996574	2	27
3034629	7	22
3034629	16	26
3034629	22	26
3034629	7	26
3062625	8	26
3062625	26	31
3062625	8	22
3072243	1	10
3072243	7	10
3073428	10	14
3073947	3	7
3073947	7	31
3082287	10	14
3082409	24	27
3082409	27	34
3082409	23	24
3082409	14	24
3082409	24	34
3126001	1	10
3127051	21	23
3127051	11	21
3141312	4	8
3141312	2	14
3148185	8	17
3148185	2	27
3148185	8	27
3148185	2	8
3148185	17	27
3158751	6	13
3158751	6	8
3158974	4	22
3158974	13	22
3158974	13	17
3158974	4	13
3160752	4	26
3160752	26	33
3160752	11	26
3214372	11	26
3226899	7	12
3240293	12	13
3251250	9	29
3251250	1	9
3257161	10	12
3257161	2	10
3257161	12	14
3257161	2	12
3265065	9	31
3265065	8	9
3265065	22	29
3265065	8	29
3280437	6	12
3287038	4	10
3287038	18	20
3300004	10	13
3331125	1	17
3331125	1	28
3331125	14	28
3331125	17	28
3347097	12	14
3355558	10	14
3355558	14	31
3355558	3	31
3355558	10	31
3355558	3	10
3355558	3	14
3361199	22	31
3398631	26	27
3399027	4	26
3399027	4	30
3399027	17	30
3435139	4	8
3435139	8	19
3435139	4	19
3467148	2	9
3470753	20	86
3470753	34	62
3470753	57	68
3470753	58	68
3470753	13	86
3470753	20	64
3470753	20	34
3470753	13	58
3495777	4	29
3531232	16	22
3531232	4	13
3531232	4	22
3531232	13	16
3580041	15	42
3580041	23	34
3580041	16	23
3599667	22	40
3599667	17	22
3610998	16	35
3610998	23	35
3610998	10	16
3610998	35	57
3610998	5	57
3628491	17	20
3632976	15	19
3654217	14	17
3654217	1	14
3664340	4	7
3664340	6	7
3664340	4	13
3664340	4	6
3733589	10	12
3733589	2	10
3733589	2	12
3746525	23	25
3746525	2	32
3746525	9	19
3785503	12	19
3785503	6	20
3785503	2	19
3785503	2	12
3785503	6	12
3788418	59	84
3792872	2	6
3794974	4	25
3794974	4	36
3794974	4	10
3794974	4	42
3794974	36	42
3839028	8	16
3839028	1	12
3839028	1	16
3839028	2	8
3839028	1	2
3839028	2	12
3839028	8	12
3860454	13	17
3860454	13	26
3860454	11	13
3876337	3	5
3876337	5	9
3876337	3	4
3876337	4	12
3876337	4	5
3909894	1	9
3909894	9	12
3912822	3	5
3912822	5	9
3912822	8	16
3912822	9	16
3912910	1	25
3918236	4	25
3930178	3	11
3930178	3	19
3930178	11	20
3940524	3	9
3950210	7	28
3950210	7	16
3950210	16	28
4004628	11	21
4004628	2	47
4004628	11	18
4004628	2	42
4004628	21	51
4004628	47	51
4004628	11	47
4004628	2	18
4032297	12	30
4032297	12	18
4032297	18	21
4032297	18	30
4039514	8	14
4098557	8	17
4098557	4	17
4125561	1	35
4134911	1	7
4164873	1	12
4164873	1	14
4164873	12	14
4164873	14	18
4164873	12	18
4178979	14	20
4304014	6	12
4313845	9	23
4313845	23	37
4313845	3	37
4313845	9	37
4313845	3	23
4449941	4	17
4449941	7	17
4449941	1	7
4449941	4	7
4449941	1	17
4508994	17	27
4508994	12	27
4547592	7	11
4585643	18	26
4585643	5	18
4585643	3	13
4678782	14	18
4678782	4	13
4678782	13	18
4678782	4	18
4682545	21	39
4682545	19	32
4682545	11	28
4682545	12	21
4682545	11	17
4682545	11	40
4682545	39	40
4804343	22	44
4804343	44	49
4877258	19	22
4893225	26	44
4893225	31	43
4893225	5	26
4978948	11	15
5037351	16	26
5106460	2	14
5106460	6	14
5106460	6	7
5106460	7	14
5194953	3	9
5208973	5	17
5208973	5	16
5208973	2	17
5256067	9	43
5256067	11	43
5256067	2	38
5256067	11	38
5256067	6	11
5476978	9	36
5476978	28	36
5562809	7	16
5847762	10	15
5847762	8	10
5942362	84	93
5942362	80	84
5942362	35	93
5942362	35	84
6002497	3	7
6079503	7	10
6079503	10	17
2942417	17	4877258	22
2943468	25	5280381	11
2943468	15	3082287	14
2943468	15	3361199	31
2943468	21	4804343	55
2955947	4	3300004	10
2955947	16	5847762	15
2955947	14	3024712	16
2955947	16	3214372	26
2955947	16	4364670	11
2959299	25	3141312	2
2966708	1	3331125	28
2966708	14	3331125	1
2966708	1	3287038	4
2966708	1	3300004	10
2981724	8	3794974	4
2981724	3	3355558	31
2981724	3	3860454	11
2981724	8	3467148	2
2981724	3	5106460	14
2981724	8	5664432	19
2996574	2	3839028	1
2996574	27	4748456	17
2996574	27	3287038	10
2999515	5	4161712	10
3024712	16	6304911	12
3024712	30	4978948	15
3024712	16	3584006	3
3024712	24	3082409	24
3024712	16	3240293	13
3024712	30	4941095	1
3024712	24	3265065	29
3034629	26	3822892	1
3034629	26	3226899	12
3034629	22	3909894	9
3034629	26	3331125	28
3062625	26	4164873	1
3062625	8	4557349	2
3072243	7	4794166	1
3072243	1	5208973	17
3072243	10	3399027	16
3073428	10	3251250	1
3073428	14	4561627	6
3073428	14	3721069	17
3073428	10	3628491	20
3073428	10	4461361	7
3073428	10	5106460	7
3073947	31	6002497	3
3073947	7	5208973	3
3073947	31	3876337	9
3073947	3	5280381	11
3082287	10	3912822	8
3082287	10	3918236	25
3082287	14	3141312	8
3082409	34	3909894	1
3082409	23	3506828	24
3083571	20	3610078	11
3083571	20	3287038	18
3083571	3	3214372	11
3083571	3	3664340	4
3083571	3	3470753	57
3083571	20	4478211	21
3083571	20	3654217	1
3126606	23	3715793	6
3126606	23	4039514	14
3127051	29	3733589	2
3127051	21	3158751	6
3127051	23	3580041	15
3127051	21	3467148	9
3141312	4	5476978	36
3141312	2	3158751	13
3141312	14	5208973	2
3141312	14	4748456	17
3141312	2	3531232	22
3141312	14	3257161	12
3148185	17	4557349	2
3148185	2	5194953	9
3158751	6	3470753	68
3158751	8	5256067	11
3158974	22	3584006	3
3158974	4	3746525	9
3158974	22	3531232	16
3158974	13	5208973	3
3158974	4	3940524	3
3158974	4	3860454	17
3158974	22	3822892	1
3158974	22	4461361	7
3158974	22	3226899	7
3158974	17	6304911	12
3160752	4	3361199	31
3160752	35	3467148	9
3160752	35	4004628	18
3160752	26	5052472	22
3214372	11	3398631	26
3214372	26	4134911	7
3214372	11	4364670	11
3214372	11	3287038	20
3226899	7	3251250	29
3226899	12	3930178	19
3236159	28	4125561	24
3236159	28	3251250	9
3240293	12	4098557	8
3240293	12	4508994	17
3251250	9	4304014	12
3257161	12	4893225	37
3257161	10	3930178	20
3257161	2	3470753	64
3257161	12	4978948	11
3265065	29	3332017	17
3265065	22	4098557	4
3265065	22	5194953	3
3265065	9	3876337	12
3265065	8	3580041	1
3280437	6	5847762	8
3287038	18	5942362	35
3287038	20	6079503	10
3287038	4	5194953	18
3300004	13	6304911	12
3300004	13	5194953	18
3331125	28	4304014	12
3331125	17	3876337	3
3331486	9	4039514	14
3331486	9	5562809	16
3332017	17	4164873	14
3347097	12	3495777	27
3347097	12	6079503	10
3347097	12	4004628	18
3347097	14	3632976	15
3347097	14	3470753	64
3355558	10	4508994	12
3355558	14	4032297	30
3355558	31	5194953	18
3355558	31	5208973	5
3361199	31	3531232	16
3361199	22	4478211	21
3388503	7	3654217	17
3388503	7	4313845	9
3388503	7	4049948	1
3388503	7	3940524	9
3388503	7	4557349	2
3398631	26	5037351	26
3398631	27	5256067	9
3398631	27	3721069	17
3398631	26	3506828	24
3399027	16	3654217	1
3399027	22	3721069	17
3435139	4	3470753	13
3435139	19	3580041	2
3435139	8	3794974	33
3467148	9	5664432	19
3467148	2	4804343	22
3467148	9	3792872	2
3467148	2	4049948	1
3470753	20	4748456	17
3470753	25	6039617	19
3470753	20	4941095	1
3495777	48	3632976	15
3495777	41	3794974	10
3495777	18	4678782	14
3495777	29	4449941	17
3506828	24	5562809	16
3531232	16	3721069	17
3531232	4	4098557	8
3531232	16	3584006	3
3531232	4	4941095	1
3531232	4	3580041	16
3580041	15	4794166	1
3580041	15	3733589	12
3580041	15	3632976	15
3584006	3	3664340	4
3584006	3	4547592	7
3599667	17	3792872	6
3599667	22	3940524	9
3610078	11	4794166	1
3610078	11	3654217	1
3610078	11	3785503	2
3628491	17	5942362	84
3628491	20	4557349	2
3628491	17	3794974	33
3628491	20	3912822	5
3632976	19	4164873	14
3632976	15	4032297	12
3654217	1	3950210	16
3654217	14	5847762	8
3664340	4	5942362	80
3721069	17	4461361	7
3733589	10	4478211	21
3746525	32	3912910	25
3746525	32	6002497	7
3746525	23	4039514	14
3785503	19	3794974	42
3785503	2	4049948	1
3785503	12	3876337	9
3785503	12	4049948	1
3785503	2	4098557	17
3788418	53	6039617	19
3792872	2	4134911	7
3792872	2	5256067	2
3794974	25	5037351	16
3822892	1	4032297	21
3822892	1	4978948	15
3822892	1	5847762	10
3822892	1	5256067	2
3839028	2	5476978	36
3860454	13	3912822	16
3860454	13	5052472	22
3860454	13	3876337	3
3876337	9	4678782	18
3876337	9	3909894	9
3876337	3	3932834	11
3876337	5	4794166	1
3909894	9	4478211	21
3912822	8	4678782	4
3912822	9	6002497	7
3912910	1	4223899	5
3918236	25	4678782	13
3918236	22	4893225	44
3918236	22	4164873	1
3930178	19	4313845	9
3930178	19	4223899	5
3932834	11	4161712	10
4004628	47	4134911	7
4004628	47	6002497	3
4032297	12	4161712	10
4098557	4	5106460	7
4134911	1	5194953	9
4161712	10	4678782	4
4223899	5	5942362	84
4304014	12	5194953	3
4304014	12	4364670	11
4313845	23	6062003	2
4313845	3	5942362	93
4364670	11	4557349	2
4364670	11	6304911	12
4449941	7	4804343	22
4449941	1	5208973	17
4449941	17	4547592	11
4461361	7	4585643	18
4547592	11	4561627	6
4557349	2	6039617	19
4561627	6	4941095	1
4678782	14	4941095	1
4748456	17	4978948	11
4794166	1	4804343	49
4804343	22	4877258	19
4804343	49	6002497	3
4893225	44	5562809	12
4978948	15	5256067	38
5052472	22	5942362	80
5256067	13	5664432	19
2937132	2	14
2942487	1	14
2942487	2	14
2951481	2	10
2951481	2	9
2951481	9	10
2953664	14	16
2958549	9	11
2958549	6	12
2965271	13	22
2966102	51	55
2969725	19	36
2969725	2	19
2974788	12	21
2974788	3	16
2976716	37	55
2976716	34	40
2976716	36	55
2976716	34	44
2978873	22	26
2978873	4	22
2978873	4	26
2988609	2	54
2988609	39	50
2988609	2	39
2988609	22	54
2988609	2	50
2999419	1	15
3008065	5	8
3016021	12	25
3016021	12	36
3016021	25	36
3018185	17	27
3018185	1	68
3024995	1	12
3024995	1	7
3028129	1	13
3028129	13	18
3028129	1	18
3037833	13	36
3037833	9	36
3037833	9	66
3037833	9	13
3041648	9	19
3041648	6	8
3041648	2	6
3041648	9	22
3057402	5	6
3103457	51	70
3103457	8	48
3117836	35	39
3117836	17	32
3117836	25	39
3148203	24	25
3148203	26	36
3183762	3	24
3187320	9	13
3208215	1	15
3208215	1	10
3208215	10	15
3211360	14	26
3211360	14	20
3220499	5	7
3241371	11	32
3241371	6	32
3260333	9	15
3272417	4	13
3272417	4	5
3272417	4	26
3272417	5	13
3272417	3	26
3289900	28	31
3341101	2	11
3374849	4	16
3374849	16	18
3408336	9	21
3408336	1	35
3408336	21	35
3408336	2	23
3408336	21	23
3409535	17	58
3409535	68	78
3409535	7	68
3413127	2	46
3413127	15	25
3427195	5	6
3427195	1	6
3444884	10	15
3444884	10	12
3446691	2	15
3471005	10	12
3485845	15	19
3489819	1	7
3489819	18	24
3489824	10	12
3499448	1	19
3499448	5	34
3499448	1	34
3499448	19	37
3500398	12	16
3500398	26	49
3500398	16	26
3500398	14	49
3586035	3	37
3586035	3	20
3586035	19	37
3590487	7	35
3590487	7	12
3595501	146	248
3595501	32	218
3595501	156	213
3595501	206	218
3624302	40	44
3624302	9	36
3624302	35	40
3624302	20	44
3624302	20	37
3625065	1	4
3625065	1	22
3625065	1	3
3625065	4	22
3644280	2	12
3682083	11	19
3725828	13	21
3747914	37	92
3747914	31	92
3801884	1	12
3919369	2	11
3919369	2	4
3927701	44	45
3946231	9	12
3949170	8	12
3949170	9	24
3949170	20	24
3956954	9	16
3956954	16	23
3956954	5	23
3956954	9	29
3956954	1	29
3986145	7	10
3986145	7	18
3994408	27	66
3994408	27	59
3994408	4	59
4047015	16	18
4065744	7	17
4097598	7	12
4164659	16	27
4164659	4	16
4164659	13	21
4164659	21	27
4164659	16	21
4263992	23	32
4263992	2	23
4263992	11	35
4263992	23	26
4268157	13	29
4268157	20	29
4268157	20	22
4274281	1	17
4274281	1	9
4356583	13	26
4356583	7	15
4356583	13	27
4356583	15	27
4356583	13	15
4391099	25	34
4391099	1	8
4436641	2	12
4460267	2	41
4476394	31	80
4476394	48	80
4476394	31	48
4476394	8	62
4481235	10	13
4481235	10	15
4483476	8	19
4483476	20	48
4483476	8	48
4483476	8	27
4483476	8	20
4483476	7	48
4488042	18	24
4522267	16	25
4522267	25	29
4533198	49	70
4533198	6	22
4533198	6	49
4533198	14	52
4533198	6	14
4533198	14	22
4533198	14	31
4533198	10	22
4568815	17	21
4573256	2	7
4573256	11	28
4573256	7	16
4651833	4	20
4651833	4	6
4651833	6	8
4668986	7	16
4687936	7	14
4687936	2	7
4716572	1	24
4716572	18	23
4716572	4	13
4716572	13	24
4716572	4	23
4723564	6	18
4723564	5	18
4770772	5	15
4770772	5	23
4872706	46	60
4872706	25	46
4872706	71	80
4976467	5	9
4976467	9	15
5083794	10	27
5083794	5	10
5083794	5	27
5100367	9	13
5153308	13	17
5178348	13	14
5211815	11	31
5266282	1	14
5283241	4	9
5375322	2	12
5554445	24	27
5554445	20	32
5554445	20	24
5554445	21	41
5554445	27	38
5597972	9	18
5652218	9	35
5652218	34	35
5652218	9	38
5652218	18	34
5902240	1	18
5961035	6	13
6266630	2	6
6305385	2	15
6383100	7	11
6383100	9	12
6383100	11	12
6383100	9	11
6418193	3	12
6418193	8	22
6418193	3	22
6418193	3	8
6418193	12	22
2932967	3	4460267	41
2937132	2	3409535	7
2937132	14	4391099	30
2937132	2	4317522	1
2937132	14	4488042	24
2937132	14	3220499	5
2937132	2	3004078	8
2942487	2	4436641	2
2942487	14	3946231	12
2942487	1	3211360	26
2951481	9	4268157	13
2951481	9	4097598	7
2951481	9	3057402	5
2953664	16	3949170	20
2953664	16	2976716	40
2953664	16	2978873	22
2953664	16	3801884	1
2958549	12	3004078	8
2958549	11	5375322	2
2965271	13	4476394	80
2965271	22	3019017	3
2965271	13	5652218	34
2965271	13	3260333	15
2966102	13	4566652	12
2966102	109	4522267	29
2969725	19	5375322	12
2969725	36	3017222	23
2969725	2	5211815	31
2969725	7	4065744	13
2974788	11	4770772	17
2974788	12	3499448	34
2974788	3	3624302	40
2974788	3	4872706	60
2974788	11	3241371	21
2974788	16	3949170	8
2976716	37	3444884	10
2976716	20	5549723	17
2976716	55	4716572	1
2978873	22	3956954	29
2988609	39	3801884	1
2988609	50	5134284	10
2988609	50	3241371	21
2999419	1	4391099	8
2999419	1	3986145	18
2999419	15	4488042	18
2999419	15	3004078	8
3004078	8	3590487	16
3004078	8	3024995	7
3004078	8	4723564	18
3004078	8	3019017	15
3004078	8	3413127	2
3008065	8	3927701	45
3008065	5	5178348	14
3016021	25	5652218	34
3017222	23	4553772	7
3017222	23	3956954	16
3017222	23	5211815	11
3017222	23	4460267	2
3018185	62	3725828	13
3018185	52	5211815	11
3019017	10	4317522	1
3019017	17	4522267	16
3019017	2	3986145	7
3019017	15	3682083	11
3024995	12	3341101	2
3024995	12	4164659	4
3024995	1	4065744	13
3024995	1	3485845	15
3024995	1	5134284	18
3024995	7	4872706	72
3028129	18	4488042	18
3028129	18	4573256	11
3028129	18	5083794	27
3037833	5	3260333	15
3037833	5	4566652	12
3041648	18	4263992	2
3041648	22	3801884	1
3057402	5	4097598	7
3057402	6	3485845	15
3057402	5	4553772	7
3103457	5	6188016	5
3103457	30	4533198	31
3103457	70	4356583	27
3103457	59	5134284	10
3117836	16	3747914	47
3148203	1	6305385	2
3148203	26	4097598	7
3148203	24	4566652	15
3148203	36	3590487	12
3183762	3	4668986	16
3183762	39	4522267	29
3183762	24	3644280	12
3187320	9	3500398	26
3187320	9	3485229	18
3187320	13	4460267	19
3187320	16	4573256	7
3187320	13	3956954	1
3187320	13	3489819	1
3211360	20	3238628	2
3220499	7	3994408	66
3238628	2	4488042	18
3241371	21	4568815	21
3241371	2	5153308	17
3260333	9	4391099	11
3272417	3	4668986	16
3289900	31	3489824	10
3289900	31	4483476	48
3289900	28	4723564	5
3289900	31	3500398	12
3341101	11	3444884	15
3341101	2	3590487	16
3355687	17	3625065	22
3355687	17	4268157	20
3355687	17	3927701	44
3355687	17	4976467	15
3355687	17	4274281	11
3374849	18	3431242	10
3374849	18	4460267	41
3374849	4	6305385	2
3408336	5	3644280	2
3408336	1	3927701	44
3408336	9	4274281	11
3408336	2	3500398	26
3413127	25	4872706	25
3413127	46	5283241	9
3427195	6	3485229	18
3427195	1	3919369	4
3427195	5	4268157	29
3431242	14	4668986	7
3431242	10	3811523	15
3444884	10	3598310	12
3444884	10	5266282	14
3446691	6	4483476	20
3446691	15	6418193	12
3446691	6	3994408	47
3471005	12	5178348	14
3471005	12	5266282	9
3485229	3	5725535	8
3485229	10	6383100	12
3485229	3	3919369	2
3485845	19	3595501	218
3485845	19	5266282	14
3485845	19	4716572	18
3485845	15	4047015	18
3485845	15	3499448	34
3489819	24	4164659	28
3489819	18	3625065	3
3489819	17	5961035	13
3489824	6	4274281	9
3489824	10	5423912	17
3489824	12	3500398	49
3499448	37	5725535	8
3500398	14	5554445	32
3500398	12	4553772	7
3500398	26	4483476	48
3586035	3	4317522	1
3586035	3	3595501	14
3586035	20	3725828	26
3590487	27	4568815	17
3595501	119	6418193	3
3595501	8	3919369	4
3595501	218	5083794	27
3598310	12	3946231	12
3598310	12	4391099	29
3598310	12	4687936	2
3598310	12	4274281	17
3624302	44	4566652	12
3624302	44	6418193	22
3624302	37	4566652	12
3625065	22	6418193	8
3625065	1	4391099	36
3625065	3	5083794	5
3644280	2	5350882	11
3644280	12	4573256	11
3682083	19	4047015	16
3682083	11	3747914	92
3682083	19	3986145	10
3682083	19	3946231	9
3682083	6	3986145	7
3682083	19	4872706	72
3725828	21	6266630	6
3725828	13	5350882	11
3725828	32	4488042	24
3747914	37	4483476	8
3747914	19	5652218	38
3747914	10	4460267	2
3801884	12	4065744	7
3801884	12	5423912	17
3801884	1	4317522	1
3801884	1	5961035	13
3811523	15	5266282	14
3811523	15	4668986	7
3919369	2	4488042	24
3919369	4	5423912	17
3927701	44	5083794	10
3927701	45	4488042	24
3927701	45	5902240	5
3949170	12	4263992	18
3994408	4	5652218	34
4047015	16	4533198	31
4047015	16	4568815	21
4047015	18	4268157	13
4047015	18	4687936	2
4047015	16	4976467	9
4065744	7	4488042	24
4065744	13	5350882	11
4065744	7	6383100	11
4097598	12	6305385	15
4097598	12	5652218	18
4097598	7	4391099	16
4097598	12	5134284	10
4164659	13	5153308	13
4164659	21	5554445	24
4263992	18	6188016	5
4268157	20	4687936	7
4274281	11	4356583	15
4317522	1	5725535	8
4356583	7	4716572	4
4391099	29	4573256	28
4391099	29	4668986	7
4460267	41	5554445	38
4476394	8	4488042	24
4481235	13	5178348	11
4481235	13	4573256	7
4483476	48	5178348	5
4488042	24	5266282	1
4522267	25	4723564	6
4568815	21	6383100	12
4573256	7	5134284	18
4651833	6	5961035	6
4723564	18	5266282	14
4770772	23	5902240	5
4770772	5	5652218	35
4976467	15	5134284	18
5083794	27	6305385	2
5100367	9	5554445	12
5178348	13	5549723	17
5178348	3	5554445	32
5178348	5	5652218	34
5178348	11	5283241	1
5211815	40	6305385	2
5283241	1	5725535	8
5283241	4	6188016	5
5375322	2	5902240	12
5375322	2	6266630	6
5423912	17	6418193	22
5423912	17	6383100	7
5554445	32	5725535	8
5902240	4	5961035	6
6305385	15	6418193	8
2936228	9	21
2936228	9	22
2946516	7	16
2946516	5	18
2946516	7	18
2946893	21	52
2946893	38	54
2946893	41	54
2953628	9	13
2972478	6	34
2972478	4	13
2972478	13	34
2972478	6	13
2972478	6	30
2985110	14	45
2985110	8	45
2985110	8	49
2985110	3	49
2989134	5	8
2989134	1	5
2989134	8	13
2989134	6	8
3013578	14	19
3013578	10	14
3013578	17	22
3013578	17	19
3020898	17	23
3020898	23	26
3034285	8	19
3034285	8	21
3034285	19	21
3041217	13	18
3041468	2	11
3041468	2	8
3045861	5	11
3066543	1	23
3066543	1	18
3066543	1	2
3077700	12	19
3085576	5	48
3100933	19	30
3100933	11	19
3100933	6	11
3100933	2	6
3103539	4	9
3103539	17	22
3103539	3	9
3103539	4	17
3119454	5	22
3119454	11	19
3119454	10	22
3119454	5	10
3119454	5	19
3127000	7	9
3127187	7	36
3127187	36	44
3127187	24	44
3127187	21	44
3130829	4	9
3130829	6	13
3130829	4	15
3130829	9	15
3132111	5	8
3132111	1	5
3132111	1	8
3150133	19	21
3164017	33	37
3164017	2	41
3164017	20	37
3190384	45	59
3190384	35	59
3237024	5	7
3284401	1	17
3284401	6	17
3299616	43	78
3299616	56	73
3299616	15	56
3316483	18	25
3317479	2	81
3317479	61	77
3317479	1	81
3333669	31	32
3333669	23	32
3333669	21	31
3341026	10	15
3344404	18	40
3344404	14	18
3361017	8	17
3374198	38	42
3374198	38	41
3374198	28	41
3377021	12	14
3384931	5	16
3384931	1	16
3387844	49	62
3387844	54	70
3387844	44	70
3387844	21	65
3387844	62	68
3391119	11	15
3411754	7	56
3411754	7	40
3411754	24	56
3432141	1	13
3432505	4	13
3432505	13	17
3470692	9	26
3470692	5	22
3470692	5	9
3525133	2	19
3525133	2	23
3561761	26	38
3561761	13	33
3561761	33	48
3561761	14	38
3561761	14	15
3593738	16	24
3593738	8	37
3593738	16	19
3593738	19	24
3593738	8	16
3598625	21	23
3637755	1	5
3637755	5	10
3652842	5	18
3655754	19	30
3655754	19	25
3655754	19	41
3655754	25	30
3665787	6	7
3692558	4	11
3692558	4	17
3692558	11	17
3732046	1	37
3732046	1	16
3772243	12	23
3772243	30	56
3772243	36	53
3772243	60	62
3772243	44	53
3772243	12	44
3784252	3	12
3784252	8	12
3785067	10	20
3794498	1	12
3794498	3	7
3794498	14	15
3794498	7	14
3849842	5	15
3849842	5	21
3867285	21	55
3867285	47	59
3867285	44	63
3867285	15	47
3867285	2	65
3867285	55	63
3867285	44	59
3891097	7	9
3949052	15	25
4049315	7	14
4049315	21	25
4049315	7	21
4049315	24	25
4049315	21	24
4049315	14	21
4049315	24	33
4049315	14	25
4122314	6	57
4122314	31	86
4122314	21	57
4129745	14	31
4129745	6	31
4129745	56	57
4129745	2	31
4129745	14	41
4129745	31	57
4152547	22	32
4152547	17	32
4194830	11	18
4256099	7	21
4271632	2	3
4271632	5	11
4304239	38	48
4304239	21	48
4304239	38	44
4304239	24	38
4348533	8	38
4348533	14	55
4389000	12	16
4435720	10	18
4435720	2	4
4470846	3	12
4500258	8	16
4500258	5	8
4517623	11	27
4517623	17	18
4527107	7	14
4527107	14	23
4529293	12	14
4591670	18	35
4591670	57	65
4591670	35	55
4591670	57	62
4683748	6	18
4683748	6	15
4683748	18	21
4683748	6	21
4690180	3	11
4690180	11	12
4708023	10	16
4722219	1	20
4932304	9	11
4932304	11	26
4939017	7	37
4939017	7	27
5037999	17	18
5040896	11	28
5040896	5	11
5040896	9	28
5040896	6	9
5040896	6	11
5097279	1	2
5097279	2	28
5097279	1	28
5101061	9	13
5117177	18	50
5117177	14	50
5117177	14	38
5117177	38	50
5117177	43	50
5117177	18	39
5121337	3	15
5121337	15	24
5157403	4	14
5157403	14	22
5157403	10	22
5230942	15	17
5293695	12	18
5293695	1	12
5293695	1	18
5293695	5	18
5336712	4	5
5336712	4	16
5490181	6	11
5490181	7	11
5559738	17	22
6189742	22	48
6189742	26	40
6189742	22	26
6353801	14	16
2936228	21	3387844	54
2936228	22	5040896	11
2936228	21	5438205	19
2942548	11	5431622	10
2942548	11	3867285	59
2942548	11	5251016	7
2942548	11	4708023	16
2946516	5	5230942	15
2946516	5	3374198	38
2946516	5	3020898	26
2946516	16	4321164	17
2946516	7	4194830	18
2946893	41	3341026	15
2946893	21	3377021	14
2946893	21	3361017	14
2946893	38	4527107	2
2946893	41	3040011	16
2953628	9	3849842	17
2972478	6	4517623	9
2972478	30	4122314	6
2972478	4	3794498	7
2985110	8	4025482	16
2985110	14	4722219	20
2985110	49	5438205	19
2989134	6	3377021	14
3013578	22	4708023	16
3013578	16	6189742	48
3020713	5	4435720	18
3020713	5	4298048	18
3020713	5	3384931	5
3020713	5	4722219	1
3020898	5	5101061	9
3020898	23	3361017	17
3020898	27	3849842	21
3034285	22	4298048	18
3034285	21	3637755	5
3036914	2	3384931	1
3036914	2	5251016	7
3036914	2	3784252	8
3036914	2	5438205	19
3040011	16	3772243	23
3040011	16	4321164	17
3040011	16	5230942	17
3040011	16	3341026	15
3040011	16	3127187	36
3040011	16	3344404	14
3040011	16	3103539	22
3041217	18	3150133	21
3041217	13	4298048	18
3041217	18	5293695	18
3041217	18	5097279	2
3041468	8	3123304	10
3042046	19	3384931	1
3042046	19	3237024	5
3042046	19	3237024	7
3042046	19	3045861	11
3045861	11	4722219	20
3045861	11	3794498	10
3045861	11	3299616	55
3045861	11	3384931	5
3045861	11	6353801	11
3047888	2	5040896	11
3047888	7	6189742	22
3047888	7	5438205	19
3047888	7	5336712	5
3047888	2	4591670	35
3047888	2	4256099	21
3066543	2	3363032	9
3066543	37	3692558	17
3066543	2	4589825	13
3066543	18	3432141	13
3066543	37	3802966	7
3066543	37	3085576	44
3072349	24	3284401	17
3072349	24	3377021	14
3077700	19	3237024	5
3077700	19	5037999	17
3077700	12	3237775	17
3077700	19	3119454	10
3085576	44	3100933	11
3085576	3	3652842	18
3085576	19	6189742	48
3085576	48	5101061	9
3100933	11	5490181	11
3100933	19	3652842	18
3103539	4	3181675	13
3103539	9	3779137	6
3119454	22	3849842	15
3119454	11	4304239	44
3119454	19	4152547	13
3123304	10	5559738	17
3123304	10	3391119	15
3123304	10	3127000	7
3123304	10	4517623	18
3127000	7	3891097	9
3127000	7	4529293	14
3127187	39	5101061	9
3127187	44	5336712	16
3130829	6	3525133	19
3130829	4	5105498	43
3130829	6	3333669	31
3130829	4	4500258	8
3132111	5	4517623	9
3132111	8	3317479	5
3132111	8	3432505	17
3132111	5	4470846	3
3150133	19	4527107	2
3150133	21	3794498	7
3150133	19	5157403	10
3164017	33	3177270	8
3164017	33	3284401	17
3164017	2	6353801	14
3177270	8	3317479	1
3181675	8	4891959	13
3181675	8	3598625	5
3190384	45	3361017	14
3190384	59	3374198	35
3190384	45	3665787	6
3237024	7	5101061	13
3237024	7	3794498	14
3237024	7	5559738	22
3237775	17	4589825	13
3237775	17	3794498	3
3284401	17	3665787	6
3284401	6	5101061	9
3299616	78	5101061	13
3316483	18	4527107	2
3317479	93	4298048	18
3317479	1	6353801	11
3317479	15	3726614	18
3333669	11	3378700	8
3333669	21	4348533	8
3333669	21	4470846	12
3341026	10	3411754	24
3341026	10	4591670	18
3341026	15	5105498	4
3344404	14	5040896	28
3361017	14	5490181	6
3363032	9	3726614	18
3374198	38	4304239	38
3374198	35	4858020	14
3374198	42	3726614	18
3377021	12	4527107	2
3377021	14	4722219	1
3377021	14	3867285	15
3378700	8	4478322	23
3384931	5	3652842	18
3384931	5	5097279	1
3384931	5	5431622	10
3387844	49	3949052	25
3387844	54	3867285	65
3387844	21	4591670	31
3391119	15	3692558	4
3391119	11	4527107	23
3411754	56	3779137	6
3432141	1	4527107	14
3432141	13	4589825	13
3432505	13	3598625	21
3432505	4	3867285	21
3432505	17	5251016	7
3470692	22	4304239	48
3470692	32	5121337	3
3470692	26	6353801	16
3470692	9	3593738	19
3525133	2	4527107	14
3525133	2	6189742	48
3525133	2	5117177	38
3561761	26	6353801	11
3561761	15	4500258	16
3593738	19	4389000	12
3593738	8	5037999	18
3598625	21	5040896	11
3598625	21	4348533	28
3598625	5	4470846	3
3598625	21	4256099	21
3637755	10	6189742	48
3637755	10	5490181	6
3637755	10	6189742	40
3637755	5	5251016	7
3652842	5	5037999	17
3655754	30	4129745	57
3655754	30	3867285	63
3692558	17	4389000	12
3726614	18	4435720	21
3726614	18	3779137	6
3732046	37	4049315	7
3732046	16	5293695	18
3772243	44	3849842	5
3784252	3	4529293	12
3784252	3	4589825	4
3784252	12	4858020	14
3784252	3	5097279	2
3785067	10	5101061	13
3785067	18	5097279	1
3785067	10	4389000	12
3785067	18	3849842	21
3794498	10	4527107	23
3802966	7	5105498	19
3802966	7	5336712	5
3802966	7	3891097	7
3802966	7	4025482	16
3849842	21	5040896	9
3867285	59	4478322	23
3867285	53	4049315	33
3891097	7	4025482	16
3891097	7	5438205	19
3891097	9	5157403	10
3949052	15	4722219	20
3949052	15	5513628	5
3949052	15	4478322	23
4025482	16	5336712	4
4049315	25	5157403	10
4049315	21	4470846	12
4049315	14	5117177	50
4049315	14	5105498	19
4122314	57	4298048	18
4129745	41	4722219	1
4152547	22	6353801	12
4194830	18	5230942	17
4194830	11	5230942	15
4256099	21	4708023	10
4321164	17	5040896	5
4348533	28	4478322	23
4435720	4	5513628	5
4470846	12	4722219	20
4478322	23	4939017	39
4478322	23	4683748	6
4478322	23	5559738	22
4500258	5	4529293	14
4517623	9	5251016	7
4517623	27	6189742	41
4517623	18	4939017	48
4527107	2	5490181	6
4529293	12	5513628	5
4529293	14	5105498	24
4589825	4	4939017	17
4591670	35	4939017	37
4683748	15	5117177	50
4690180	3	5230942	15
4690180	12	5336712	4
4708023	16	5097279	28
4722219	20	6189742	48
4858020	14	6353801	12
4891959	13	5121337	24
4932304	9	5157403	4
5037999	17	5251016	7
5117177	18	5431622	10
5157403	22	5559738	17
5157403	10	5251016	7
5251016	7	6189742	22
