10	600
216	8062	8063
216	8069	8078
216	8068	8071
158	5983	6006
158	5994	6015
158	5981	6005
158	5977	6003
158	5987	6008
158	5995	6016
158	5992	6013
158	5984	6007
158	5990	6011
158	5976	6003
158	5979	6004
223	8226	8239
223	8222	8228
130	4865	4912
130	4902	4903
130	4889	4901
130	4862	4884
130	4887	4903
130	4876	4892
130	4869	4889
130	4871	4892
130	4874	4911
130	4903	4914
130	4903	4908
264	9491	9514
75	2868	2890
75	2871	2892
75	2870	2891
75	2879	2900
75	2875	2896
75	2878	2899
75	2873	2894
75	2872	2893
75	2867	2889
75	2865	2888
75	2874	2895
306	10936	10953
306	10942	10955
306	10935	10959
306	10937	10954
306	10935	10952
306	10943	10955
306	10941	10958
282	10099	10102
282	10114	10120
282	10107	10112
282	10101	10103
282	10112	10113
294	10445	10463
294	10462	10474
294	10443	10462
294	10452	10466
294	10463	10476
294	10447	10464
95	3578	3592
95	3587	3588
95	3587	3590
95	3592	3597
95	3583	3593
95	3581	3587
95	3587	3598
95	3586	3589
177	6748	6765
177	6758	6772
177	6741	6762
177	6733	6753
177	6750	6766
177	6736	6760
177	6755	6768
177	6756	6770
177	6737	6761
177	6746	6764
177	6757	6771
0	0001	0032
0	0002	0033
0	0000	0031
150	5650	5678
150	5658	5686
150	5651	5679
150	5649	5676
150	5657	5685
150	5646	5674
150	5645	5673
150	5656	5685
150	5653	5682
309	11050	11061
309	11079	11086
309	11060	11068
309	11057	11062
309	11070	11076
309	11041	11081
309	11065	11074
309	11047	11076
309	11061	11072
309	11056	11082
309	11052	11078
443	16515	16537
443	16506	16535
443	16512	16536
121	4554	4561
121	4555	4573
121	4568	4572
121	4553	4566
121	4552	4568
121	4552	4554
121	4548	4550
121	4548	4555
121	4558	4571
121	4554	4572
121	4545	4550
335	12118	12128
335	12119	12129
335	12113	12139
335	12110	12125
335	12121	12131
335	12122	12133
335	12106	12107
335	12105	12112
335	12106	12108
335	12120	12130
248	8839	8852
248	8825	8846
248	8840	8849
248	8840	8852
248	8839	8849
248	8832	8836
248	8826	8832
248	8837	8844
248	8827	8832
248	8829	8863
210	7924	7928
210	7917	7928
155	5856	5878
155	5863	5882
155	5861	5876
155	5868	5878
155	5867	5884
155	5862	5877
155	5878	5888
155	5867	5885
155	5853	5878
155	5861	5877
155	5862	5876
233	8489	8492
233	8482	8489
160	6056	6057
160	6072	6090
160	6080	6089
160	6078	6097
160	6073	6090
160	6065	6096
160	6070	6085
160	6065	6084
160	6065	6083
160	6071	6090
160	6054	6065
249	8875	8896
249	8872	8875
249	8875	8884
394	14556	14573
394	14549	14562
394	14554	14568
394	14552	14564
394	14551	14563
394	14555	14569
394	14538	14560
394	14553	14565
394	14543	14561
346	12603	12634
346	12600	12630
346	12598	12629
346	12604	12636
346	12602	12633
346	12603	12635
346	12599	12629
346	12601	12632
346	12597	12628
325	11660	11699
325	11700	11718
325	11700	11737
325	11668	11699
325	11661	11700
325	11664	11700
325	11682	11700
325	11678	11700
325	11670	11700
325	11699	11717
325	11692	11699
370	13611	13643
370	13608	13639
370	13606	13637
370	13607	13638
370	13610	13641
370	13609	13640
370	13604	13622
370	13611	13642
370	13605	13636
27	1085	1113
27	1084	1112
27	1086	1114
27	1088	1115
352	12892	12910
352	12897	12913
352	12882	12903
352	12894	12911
352	12883	12904
352	12896	12913
352	12884	12905
352	12893	12910
352	12898	12914
352	12886	12907
352	12885	12906
301	10722	10749
301	10728	10750
301	10749	10762
301	10727	10749
301	10721	10742
301	10723	10765
301	10748	10757
301	10743	10751
301	10740	10753
301	10751	10763
301	10726	10748
368	13543	13557
368	13540	13557
368	13539	13558
368	13541	13558
87	3290	3321
87	3308	3324
87	3314	3327
87	3314	3328
87	3291	3321
87	3312	3326
87	3287	3317
87	3307	3323
87	3313	3326
87	3312	3325
87	3288	3319
163	6200	6208
163	6196	6207
163	6209	6211
163	6193	6201
163	6186	6199
163	6186	6214
163	6186	6195
163	6197	6209
163	6190	6202
163	6208	6216
163	6186	6206
260	9318	9330
260	9318	9325
260	9318	9324
196	7493	7505
196	7501	7505
380	13995	14013
380	13997	14014
380	13993	14011
380	13999	14016
380	13992	14010
380	14001	14019
380	14005	14023
380	14002	14020
380	13998	14015
380	14003	14021
178	6776	6807
178	6778	6811
178	6780	6813
178	6779	6812
178	6777	6808
178	6777	6809
178	6775	6807
70	2749	2768
70	2751	2771
70	2750	2768
70	2747	2754
70	2786	2787
70	2755	2786
70	2745	2749
70	2774	2788
70	2745	2750
70	2779	2781
70	2762	2788
167	6329	6364
167	6331	6366
167	6330	6365
167	6327	6362
167	6328	6364
167	6327	6361
36	1438	1464
36	1446	1471
36	1450	1475
36	1439	1466
36	1445	1469
36	1439	1465
36	1440	1465
36	1440	1466
36	1448	1473
394	14549	36	1439
370	13607	380	14005
70	2755	167	6328
306	10943	380	14005
346	12600	260	9318
306	10935	294	10447
325	11661	380	13993
177	6758	163	6196
95	3587	380	13995
294	10447	370	13608
160	6056	352	12886
158	5990	130	4889
155	5863	27	1086
282	10099	163	6197
248	8829	87	3308
346	12604	87	3288
158	5983	352	12893
121	4552	163	6197
346	12604	87	3288
150	5645	167	6329
394	14555	178	6779
394	14556	352	12894
370	13605	167	6331
294	10452	160	6073
0	0000	335	12110
306	10936	233	8489
75	2879	150	5650
75	2875	394	14553
223	8222	121	4554
130	4887	27	1084
150	5649	121	4553
294	10443	87	3288
380	14003	36	1448
130	4902	150	5656
346	12598	368	13541
150	5646	325	11668
158	5977	352	12897
370	13609	163	6209
130	4865	177	6750
150	5658	301	10749
167	6331	36	1439
155	5867	27	1088
155	5867	70	2745
380	13997	36	1450
370	13609	87	3288
309	11056	394	14556
121	4558	70	2779
155	5863	352	12894
155	5868	70	2755
325	11700	87	3312
158	5976	177	6746
177	6746	36	1450
335	12113	301	10743
158	5981	155	5867
325	11660	178	6779
75	2865	394	14552
294	10447	443	16512
346	12604	163	6209
160	6072	346	12603
95	3587	352	12886
75	2878	335	12122
163	6200	380	13998
306	10937	0	0000
309	11060	121	4555
75	2872	177	6736
155	5856	178	6778
216	8069	325	11700
150	5651	335	12113
282	10112	95	3583
150	5653	155	5856
158	5990	130	4889
282	10107	210	7924
75	2870	121	4568
248	8829	87	3308
282	10101	325	11660
335	12113	281	10070
335	12120	87	3307
335	12113	325	11692
443	16512	346	12598
370	13605	70	2745
158	5977	443	16515
155	5856	394	14552
75	2868	370	13607
158	5983	150	5649
216	8068	121	4555
294	10447	155	5868
177	6746	301	10740
150	5651	163	6209
443	16512	352	12883
75	2868	370	13607
95	3587	325	11660
394	14553	167	6330
95	3581	249	8875
260	9318	178	6779
380	13997	36	1450
335	12113	325	11660
306	10935	352	12883
130	4887	150	5657
352	12884	131	4916
158	5990	87	3314
346	12601	178	6777
306	10937	87	3290
309	11056	335	12119
95	3586	163	6186
177	6750	163	6196
158	5981	155	5867
309	11079	196	7493
394	14554	380	13998
260	9318	178	6779
394	14555	36	1448
294	10443	233	8489
223	8222	352	12886
177	6737	155	5853
370	13605	87	3287
121	4555	380	14003
150	5650	70	2755
306	10935	346	12598
346	12599	368	13541
306	10935	70	2755
87	3287	178	6780
352	12884	131	4916
306	10941	325	11661
394	14549	36	1439
163	6200	380	14005
282	10112	249	8875
87	3290	178	6777
335	12113	260	9318
306	10942	121	4553
121	4568	233	8489
130	4874	163	6209
75	2872	306	10937
150	5651	87	3288
158	5984	75	2874
160	6056	167	6330
346	12600	352	12886
87	3290	178	6777
130	4874	95	3581
150	5646	36	1445
155	5862	178	6777
75	2871	178	6775
352	12883	368	13541
130	4889	294	10463
309	11050	380	13998
216	8069	70	2750
309	11057	233	8489
150	5649	380	14005
306	10936	36	1438
346	12599	352	12894
155	5861	178	6777
325	11660	36	1438
335	12119	155	5853
248	8825	87	3314
177	6758	163	6190
325	11664	36	1440
260	9318	178	6779
294	10445	155	5861
335	12113	260	9318
294	10463	70	2762
27	1085	380	14005
177	6746	155	5861
150	5653	346	12603
158	5983	394	14554
346	12597	352	12893
177	6741	380	13997
301	10740	178	6777
309	11056	178	6778
158	5976	443	16515
394	14551	352	12893
335	12110	87	3291
306	10935	352	12883
394	14556	346	12603
130	4887	87	3290
95	3592	443	16515
394	14549	36	1440
346	12600	260	9318
352	12886	163	6186
216	8069	325	11700
325	11660	36	1438
294	10463	70	2762
352	12883	368	13539
158	5977	178	6777
95	3586	380	13992
158	5983	352	12892
158	5987	130	4887
155	5868	178	6778
160	6072	27	1086
346	12603	178	6778
233	8482	325	11699
294	10443	233	8489
158	5977	177	6736
75	2870	70	2779
282	10114	301	10727
75	2868	346	12602
155	5868	346	12598
75	2870	121	4568
346	12600	325	11668
121	4548	163	6193
121	4552	163	6197
282	10101	294	10443
177	6737	352	12894
155	5862	178	6777
0	0001	352	12882
158	5977	177	6746
301	10743	163	6209
130	4889	309	11079
443	16515	155	5862
121	4554	87	3288
294	10443	380	13992
325	11661	352	12884
248	8829	70	2745
294	10445	155	5861
95	3583	233	8482
325	11668	178	6779
306	10936	380	13992
352	12885	178	6777
282	10099	121	4545
178	6775	36	1439
178	6779	281	10070
325	11700	87	3312
0	0002	150	5645
325	11670	370	13605
301	10748	70	2774
264	9491	233	8482
306	10937	177	6741
155	5853	160	6073
163	6209	260	9318
325	11660	178	6779
130	4862	87	3288
160	6078	87	3312
335	12113	325	11660
75	2871	309	11052
325	11678	380	13993
306	10935	346	12599
75	2868	309	11050
150	5646	260	9318
335	12118	370	13607
121	4554	335	12113
306	10935	294	10447
352	12896	301	10740
121	4558	301	10743
155	5862	178	6777
121	4568	178	6779
352	12883	368	13541
282	10112	249	8875
294	10447	155	5856
394	14551	163	6200
380	13997	167	6327
368	13543	380	13997
282	10114	352	12882
282	10101	325	11668
75	2868	150	5649
346	12603	178	6778
121	4558	325	11660
370	13606	36	1446
216	8062	233	8482
282	10114	121	4553
95	3586	163	6186
443	16515	368	13543
346	12599	352	12894
121	4554	335	12120
95	3592	36	1446
75	2868	160	6065
294	10462	95	3581
380	13995	178	6779
27	1088	87	3313
75	2865	178	6778
87	3288	36	1445
75	2867	36	1440
306	10936	233	8489
155	5868	394	14556
325	11692	163	6186
352	12896	36	1450
150	5651	121	4555
75	2865	177	6737
177	6737	346	12603
158	5977	130	4902
95	3587	380	13995
368	13540	178	6777
95	3592	335	12110
155	5856	394	14552
282	10101	121	4568
158	5981	306	10941
177	6741	443	16515
121	4545	210	7917
282	10101	352	12886
325	11682	380	13993
0	0002	178	6778
294	10445	368	13543
130	4865	177	6750
294	10447	380	14002
294	10445	155	5861
158	5984	346	12603
394	14555	87	3288
75	2871	160	6070
294	10447	167	6328
306	10937	155	5861
150	5653	155	5853
150	5658	380	14005
0	0002	178	6778
178	6777	36	1450
74	2845	2846
74	2844	2849
74	2846	2850
74	2849	2851
74	2855	2857
74	2856	2862
255	9108	9122
255	9112	9130
255	9107	9121
255	9109	9124
255	9114	9136
255	9098	9115
255	9113	9132
255	9106	9120
255	9100	9118
255	9111	9127
255	9103	9119
129	4836	4850
129	4833	4842
129	4826	4841
129	4848	4853
129	4847	4854
129	4837	4851
129	4825	4840
129	4829	4852
129	4821	4847
225	8284	8314
225	8280	8312
225	8284	8305
295	10491	10514
295	10491	10513
295	10487	10509
295	10489	10510
295	10493	10515
295	10490	10512
295	10479	10501
295	10486	10508
360	13223	13249
360	13221	13247
360	13219	13245
360	13225	13250
360	13228	13253
360	13227	13252
360	13222	13248
360	13226	13251
360	13220	13246
278	10002	9992
278	9988	9994
278	10003	10008
278	10010	9987
278	10000	10004
278	9982	9996
278	10012	9982
278	10011	9992
278	10000	9999
278	10006	9987
278	10008	9983
316	11334	11353
316	11340	11360
316	11354	11363
316	11355	11361
316	11331	11350
316	11333	11352
316	11330	11348
316	11338	11357
316	11339	11358
316	11335	11353
316	11332	11351
284	10158	10181
284	10155	10171
284	10158	10173
284	10161	10164
379	13954	13967
379	13967	13989
379	13963	13979
379	13958	13974
379	13955	13969
379	13949	13968
379	13973	13988
379	13953	13966
379	13980	13985
379	13966	13984
379	13964	13982
304	10868	10884
304	10859	10876
304	10867	10883
304	10869	10886
304	10860	10877
304	10867	10882
304	10864	10879
304	10871	10888
304	10870	10887
304	10856	10875
304	10862	10878
300	10703	10710
300	10684	10686
300	10710	10720
300	10709	10710
300	10686	10689
217	8099	8112
217	8100	8111
217	8085	8106
217	8095	8097
217	8095	8103
217	8100	8110
251	8948	8966
251	8943	8962
251	8947	8965
251	8951	8969
251	8945	8964
251	8940	8961
251	8941	8962
251	8954	8978
251	8950	8968
251	8952	8972
251	8949	8967
412	15318	15363
412	15317	15362
412	15336	15353
412	15336	15338
412	15320	15341
412	15315	15331
412	15318	15339
412	15332	15356
412	15330	15353
412	15316	15362
412	15349	15364
169	6416	6432
169	6424	6441
169	6419	6435
169	6426	6429
169	6426	6439
169	6425	6437
55	2163	2188
55	2159	2185
55	2156	2183
55	2149	2180
55	2160	2186
55	2162	2187
55	2147	2178
55	2154	2182
55	2155	2183
55	2150	2181
329	11874	11886
329	11885	11898
329	11884	11896
329	11882	11888
329	11879	11887
329	11867	11884
329	11870	11885
422	15721	15744
422	15730	15743
422	15707	15739
422	15703	15750
422	15743	15749
422	15709	15740
422	15721	15737
422	15708	15739
422	15705	15738
422	15704	15751
422	15747	15751
113	4231	4243
113	4229	4231
139	5218	5250
139	5229	5256
139	5217	5247
139	5214	5242
139	5225	5253
139	5216	5246
139	5224	5252
139	5230	5256
139	5233	5258
139	5219	5250
139	5227	5254
64	2537	2547
64	2535	2540
64	2538	2541
64	2518	2524
64	2541	2543
64	2541	2549
64	2530	2542
64	2542	2551
64	2537	2539
307	10976	10993
307	10975	10991
307	10974	10991
307	10982	10995
307	10970	10990
307	10983	10996
307	10973	10991
307	11004	11007
307	10971	11000
307	10969	11005
307	10963	11005
184	7032	7064
184	7033	7066
184	7034	7068
257	9196	9216
257	9181	9207
257	9177	9211
257	9179	9194
257	9177	9179
257	9204	9220
257	9194	9211
275	9888	9894
354	12971	12983
354	12977	12988
20	0800	0827
51	2010	2014
51	1998	2010
285	10187	10188
285	10193	10195
175	6655	6676
175	6652	6672
175	6651	6671
175	6653	6673
175	6654	6675
175	6650	6669
175	6656	6678
175	6648	6667
405	15038	15057
405	15033	15054
405	15039	15058
405	15027	15050
405	15035	15055
405	15045	15063
405	15037	15056
405	15025	15049
405	15042	15059
405	15028	15051
405	15029	15052
6	0233	0270
6	0234	0270
14	0574	0603
14	0571	0601
14	0567	0595
14	0572	0601
14	0577	0606
14	0578	0608
14	0568	0596
14	0570	0600
14	0566	0589
14	0566	0588
351	12849	12875
351	12851	12877
351	12855	12881
351	12852	12878
351	12838	12870
351	12842	12872
351	12848	12874
351	12853	12880
351	12837	12869
351	12854	12880
351	12837	12868
347	12651	12669
347	12654	12674
347	12638	12657
347	12652	12671
347	12639	12658
347	12649	12666
347	12658	12682
347	12648	12664
347	12657	12681
347	12662	12688
347	12655	12677
209	7898	7909
209	7895	7902
209	7898	7901
209	7900	7911
116	4323	4350
116	4324	4351
116	4332	4363
116	4331	4361
116	4322	4349
116	4325	4353
116	4321	4348
116	4325	4352
116	4328	4357
116	4329	4358
116	4330	4360
277	9966	9967
11	0436	0470
11	0436	0469
171	6499	6504
171	6506	6512
171	6500	6523
171	6491	6521
171	6490	6525
171	6489	6505
171	6486	6514
171	6493	6519
171	6503	6525
171	6498	6523
171	6493	6495
267	9596	9597
267	9597	9607
267	9616	9620
267	9597	9605
84	3188	3207
84	3195	3196
295	10487	64	2541
251	8947	422	15709
251	8952	139	5229
139	5219	14	0574
360	13227	14	0570
316	11340	139	5225
6	0233	116	4325
209	7898	171	6489
74	2846	64	2538
55	2150	20	0800
64	2538	171	6499
255	9111	351	12851
304	10869	422	15704
14	0577	347	12648
300	10684	422	15709
422	15704	14	0572
74	2846	217	8095
295	10487	14	0577
304	10868	307	10969
278	9982	251	8948
360	13226	14	0566
55	2150	285	10193
412	15332	171	6499
307	10970	184	7034
379	13955	116	4325
74	2856	351	12851
255	9111	217	8099
379	13953	329	11879
422	15705	113	4231
304	10862	139	5216
351	12851	116	4332
139	5230	14	0574
129	4826	184	7032
251	8949	139	5224
422	15709	139	5227
360	13226	412	15349
278	9982	351	12848
139	5218	116	4321
255	9108	307	10974
255	9111	351	12851
307	10975	116	4328
379	13955	116	4325
316	11335	116	4331
329	11879	139	5214
412	15317	11	0436
255	9107	55	2149
284	10155	251	8950
251	8945	139	5214
74	2845	55	2150
316	11335	184	7032
307	10973	285	10193
74	2849	316	11355
129	4847	379	13980
251	8950	84	3195
422	15747	20	0800
379	13954	267	9597
139	5216	171	6493
300	10684	412	15318
360	13222	14	0568
116	4330	84	3181
64	2541	285	10193
139	5218	351	12842
129	4825	116	4322
329	11884	64	2537
251	8954	84	3195
360	13225	139	5218
295	10479	405	15028
251	8949	307	10963
307	10974	116	4328
14	0570	116	4331
307	10969	11	0436
295	10486	55	2163
129	4837	64	2537
51	2010	116	4328
405	15028	171	6493
307	10971	351	12838
55	2154	175	6653
251	8949	307	10963
129	4847	171	6498
217	8100	351	12852
329	11882	267	9616
169	6424	51	1998
169	6424	64	2538
217	8099	64	2541
278	10000	257	9177
422	15704	14	0571
304	10869	422	15747
184	7033	6	0234
251	8950	84	3195
139	5233	347	12655
64	2541	14	0571
169	6424	64	2538
251	8952	11	0436
304	10868	405	15045
304	10867	6	0233
251	8952	307	10976
251	8950	405	15028
360	13226	184	7034
255	9108	405	15039
278	10000	11	0436
64	2537	354	12971
405	15035	116	4325
304	10862	14	0567
307	10970	84	3181
74	2856	255	9108
278	10008	251	8950
225	8284	351	12852
307	10975	116	4328
329	11882	84	3195
139	5224	347	12652
300	10709	347	12655
351	12837	84	3195
255	9107	116	4323
304	10867	347	12654
129	4821	64	2535
295	10487	64	2537
304	10864	422	15747
55	2162	209	7898
295	10491	347	12657
422	15747	351	12851
55	2155	116	4331
304	10869	51	2010
316	11339	379	13963
255	9111	285	10193
316	11333	405	15028
405	15028	351	12837
360	13227	422	15707
304	10871	14	0578
347	12648	116	4332
307	10975	347	12648
139	5227	14	0572
422	15704	14	0572
360	13225	11	0436
255	9100	304	10862
175	6648	347	12648
304	10859	14	0572
255	9113	51	2010
316	11332	412	15317
422	15708	184	7032
278	9988	307	10971
284	10155	329	11882
285	10193	116	4324
300	10703	175	6654
64	2541	116	4328
379	13949	304	10859
360	13221	267	9616
412	15317	257	9177
316	11334	405	15038
74	2846	64	2538
351	12837	267	9616
304	10856	116	4325
257	9177	116	4321
139	5230	351	12842
329	11885	171	6506
379	13958	412	15317
360	13227	379	13954
360	13227	405	15033
64	2541	307	11004
300	10703	64	2537
307	10983	20	0800
255	9113	307	10983
64	2530	307	10970
255	9109	11	0436
74	2845	422	15704
55	2160	347	12652
129	4837	354	12977
129	4826	360	13227
316	11339	405	15035
329	11882	139	5225
129	4833	139	5225
139	5224	347	12652
6	0233	116	4325
278	10000	11	0436
295	10486	307	10971
278	10000	257	9194
351	12849	347	12649
251	8951	184	7032
304	10870	175	6655
20	0800	175	6654
251	8945	184	7034
255	9113	14	0577
360	13226	14	0566
405	15028	351	12837
255	9100	316	11333
139	5233	64	2537
278	10000	257	9194
55	2149	14	0570
422	15704	307	11004
225	8280	412	15318
304	10867	116	4329
255	9108	307	10975
422	15743	277	9966
412	15316	422	15705
351	12837	84	3195
304	10867	351	12852
14	0572	116	4324
129	4837	295	10491
251	8943	116	4325
139	5216	351	12837
255	9112	55	2162
284	10161	55	2163
225	8280	412	15318
278	10002	217	8100
360	13222	184	7032
225	8284	55	2159
74	2855	129	4847
255	9107	14	0568
412	15317	257	9194
139	5217	14	0570
14	0571	116	4324
139	5219	351	12842
316	11335	307	10971
129	4826	316	11330
255	9113	64	2541
278	10006	169	6424
278	10010	300	10703
113	4229	257	9179
139	5230	351	12842
74	2845	64	2537
129	4837	300	10686
225	8284	351	12852
251	8947	412	15318
307	10973	14	0572
295	10491	304	10869
405	15033	14	0568
295	10491	347	12657
14	0571	116	4324
251	8948	347	12639
304	10864	14	0577
304	10871	422	15730
412	15318	116	4324
74	2844	175	6653
278	10006	257	9196
184	7032	405	15033
129	4833	175	6653
307	10970	84	3181
422	15705	139	5224
255	9100	304	10862
360	13220	278	10000
422	15705	113	4231
304	10859	347	12648
412	15332	169	6424
295	10489	139	5229
360	13227	351	12838
184	7032	14	0570
379	13949	300	10684
55	2160	139	5229
139	5219	347	12649
295	10486	55	2149
304	10856	251	8948
51	1998	171	6499
74	2844	329	11885
360	13228	285	10193
74	2845	295	10491
316	11331	379	13955
184	7034	84	3195
379	13980	422	15743
55	2149	175	6650
139	5218	307	10963
251	8941	184	7032
74	2856	307	11004
251	8949	55	2147
129	4829	307	10976
139	5229	14	0574
251	8945	351	12837
278	10000	251	8949
360	13221	278	10008
329	11882	405	15037
74	2856	347	12648
278	10008	84	3181
329	11879	14	0566
139	5233	51	2010
405	15035	116	4325
55	2150	422	15709
113	4231	11	0436
295	10493	64	2535
278	10003	379	13966
74	2856	422	15709
412	15315	351	12854
422	15705	14	0574
255	9098	329	11870
316	11339	6	0233
307	10969	351	12849
284	10161	379	13964
175	6656	351	12853
139	5229	347	12649
405	15028	351	12837
307	10976	14	0574
251	8945	171	6493
251	8947	347	12648
55	2156	116	4331
175	6651	351	12848
316	11339	304	10870
412	15316	11	0436
255	9106	267	9616
64	2541	14	0572
360	13220	278	10000
225	8280	412	15318
405	15037	351	12837
255	9103	300	10710
266	9570	9573
266	9570	9587
79	3021	3047
79	3017	3043
79	3020	3047
79	3023	3049
79	3022	3048
79	3018	3044
212	7973	7995
212	7970	7984
161	6115	6140
161	6114	6139
161	6113	6137
161	6101	6125
161	6112	6135
161	6112	6136
161	6100	6119
161	6102	6127
161	6103	6129
161	6109	6133
161	6110	6134
91	3438	3461
91	3435	3455
91	3434	3456
91	3433	3436
91	3454	3460
91	3444	3460
91	3434	3463
91	3435	3466
91	3444	3451
91	3432	3439
91	3451	3454
214	8027	8037
214	8021	8037
214	8022	8034
214	8028	8040
214	8017	8028
214	8025	8034
96	3609	3626
96	3603	3624
96	3607	3625
77	2941	2964
77	2951	2970
77	2932	2958
77	2946	2967
77	2935	2960
77	2938	2962
77	2953	2972
77	2947	2968
77	2933	2959
132	4966	4986
132	4954	4980
132	4949	4952
132	4952	4978
132	4956	4981
132	4951	4977
132	4959	4983
132	4957	4982
132	4961	4984
132	4963	4985
118	4416	4439
118	4420	4446
118	4418	4445
118	4414	4436
118	4419	4446
118	4416	4438
118	4417	4442
118	4413	4436
118	4423	4451
118	4425	4454
118	4424	4453
119	4463	4485
119	4480	4498
119	4457	4481
119	4461	4484
119	4459	4482
119	4469	4488
119	4464	4486
119	4477	4495
119	4479	4497
119	4460	4483
119	4476	4492
68	2662	2680
68	2669	2690
68	2657	2676
68	2665	2682
68	2659	2677
68	2668	2688
68	2660	2678
68	2654	2673
68	2667	2685
68	2666	2684
331	11958	11961
331	11942	11950
331	11956	11957
331	11929	11962
331	11926	11957
331	11936	11949
331	11939	11958
331	11923	11959
331	11943	11956
331	11926	11943
331	11925	11947
256	9144	9164
256	9152	9166
256	9138	9163
256	9159	9169
256	9156	9168
256	9162	9173
256	9153	9167
256	9143	9164
256	9150	9165
192	7360	7386
192	7358	7383
192	7365	7388
192	7359	7385
192	7356	7381
38	1531	1551
38	1517	1538
38	1528	1547
38	1519	1541
38	1527	1546
38	1532	1552
38	1529	1549
38	1525	1545
38	1523	1544
135	5058	5093
135	5059	5096
135	5061	5099
135	5057	5093
135	5060	5098
427	15889	15902
427	15891	15903
427	15898	15907
427	15909	15918
427	15914	15920
427	15881	15896
427	15882	15902
427	15894	15904
427	15886	15901
427	15897	15906
427	15900	15912
382	14098	14110
382	14102	14110
382	14092	14097
382	14110	14111
382	14092	14096
382	14073	14094
382	14068	14110
382	14071	14093
385	14198	14222
385	14199	14223
385	14196	14219
385	14197	14221
385	14199	14224
26	1047	1063
26	1051	1069
26	1052	1071
26	1035	1064
26	1033	1075
26	1034	1056
26	1048	1064
26	1062	1073
26	1050	1066
26	1045	1060
26	1038	1055
185	7075	7104
185	7079	7108
185	7078	7107
185	7076	7105
185	7083	7111
185	7073	7102
185	7071	7100
185	7082	7110
185	7087	7115
185	7070	7094
185	7088	7116
174	6620	6646
174	6602	6632
174	6602	6631
174	6613	6638
174	6609	6635
174	6600	6627
174	6618	6645
174	6614	6639
174	6598	6626
174	6610	6635
174	6617	6644
350	12806	12826
350	12814	12829
350	12799	12823
350	12818	12832
350	12817	12830
350	12796	12822
350	12800	12824
350	12801	12824
350	12819	12833
350	12820	12834
350	12817	12831
57	2243	2265
57	2240	2263
57	2231	2256
57	2242	2264
57	2232	2256
57	2236	2260
57	2234	2257
57	2243	2266
57	2238	2261
153	5769	5795
153	5779	5804
153	5765	5790
153	5770	5796
153	5769	5794
153	5768	5793
153	5778	5803
153	5775	5801
153	5772	5798
153	5777	5802
153	5766	5791
435	16186	16215
435	16185	16213
435	16182	16208
435	16183	16210
435	16184	16211
435	16181	16207
45	1761	1781
45	1753	1773
45	1751	1772
45	1762	1783
45	1763	1784
45	1747	1767
45	1748	1768
45	1754	1774
45	1755	1775
45	1749	1770
45	1757	1777
268	9634	9635
303	10836	10853
303	10831	10843
303	10810	10836
303	10819	10839
303	10835	10851
303	10832	10844
303	10827	10841
303	10825	10840
303	10830	10842
303	10818	10839
303	10815	10838
128	4801	4812
128	4813	4817
128	4807	4813
128	4799	4800
128	4799	4814
148	5569	5602
148	5573	5604
148	5565	5599
148	5568	5601
148	5570	5603
148	5571	5603
80	3061	3068
80	3058	3067
436	16222	16254
436	16221	16253
436	16218	16257
436	16220	16252
436	16223	16255
436	16218	16251
436	16219	16257
436	16221	16258
436	16219	16251
436	16224	16256
179	6832	6847
179	6816	6844
179	6814	6827
179	6819	6850
179	6820	6846
179	6815	6844
179	6819	6842
179	6829	6850
179	6826	6838
179	6829	6842
179	6828	6848
425	15818	15847
425	15820	15851
425	15819	15849
425	15819	15850
425	15821	15852
340	12324	12341
340	12327	12336
340	12328	12337
340	12336	12340
340	12326	12341
383	14144	14158
383	14118	14158
383	14134	14146
383	14113	14117
383	14115	14133
383	14117	14132
383	14152	14154
71	2806	2815
26	1035	57	2243
132	4956	148	5569
91	3435	179	6829
91	3434	340	12326
331	11926	303	10827
68	2668	303	10836
26	1048	179	6819
118	4424	38	1525
161	6110	128	4799
256	9150	435	16186
256	9150	427	15894
79	3023	91	3432
77	2947	132	4954
79	3023	256	9143
350	12806	179	6819
38	1523	174	6610
128	4801	179	6819
91	3438	382	14092
132	4951	26	1050
350	12819	303	10836
256	9144	303	10825
161	6112	118	4417
427	15891	128	4801
96	3603	179	6819
119	4457	436	16219
161	6109	26	1033
77	2933	185	7078
385	14198	340	12324
91	3434	148	5571
79	3020	148	5569
427	15882	340	12326
68	2657	331	11925
119	4464	57	2238
350	12800	303	10832
77	2946	57	2238
91	3435	427	15898
161	6101	128	4799
266	9570	427	15894
385	14197	185	7071
153	5766	435	16182
135	5061	179	6820
192	7359	148	5569
214	8021	45	1763
91	3451	331	11942
91	3435	179	6829
382	14068	153	5765
161	6115	153	5770
135	5061	57	2238
57	2240	179	6815
161	6114	118	4420
192	7360	174	6602
26	1035	57	2243
118	4414	179	6819
79	3022	303	10835
68	2657	135	5061
161	6113	192	7356
427	15891	45	1747
79	3021	148	5569
38	1519	153	5779
331	11936	256	9153
96	3609	179	6826
57	2232	179	6815
161	6112	192	7365
161	6110	435	16184
161	6115	153	5770
91	3438	38	1531
77	2946	148	5573
91	3435	57	2243
57	2231	45	1753
38	1532	174	6610
185	7076	179	6828
350	12799	179	6828
382	14110	57	2243
132	4963	174	6610
77	2933	331	11925
38	1527	382	14092
118	4414	26	1038
57	2242	303	10836
256	9144	45	1749
119	4477	57	2243
57	2242	45	1754
91	3434	179	6815
214	8028	80	3061
427	15898	382	14110
135	5060	435	16186
79	3017	77	2933
119	4457	192	7360
148	5568	179	6826
427	15891	350	12806
57	2232	340	12326
91	3451	38	1528
57	2232	148	5570
148	5565	179	6816
118	4416	340	12328
192	7359	185	7071
45	1748	326	11752
91	3451	174	6610
132	4951	185	7076
350	12806	153	5775
135	5060	427	15894
132	4954	26	1051
132	4963	118	4423
161	6110	185	7078
350	12800	303	10832
192	7365	383	14134
68	2668	350	12814
91	3451	26	1033
119	4469	57	2234
119	4464	68	2657
26	1048	185	7079
68	2654	303	10831
331	11936	192	7365
57	2242	179	6820
350	12796	128	4799
96	3609	179	6832
185	7076	179	6828
161	6110	340	12336
185	7079	435	16181
118	4417	119	4461
79	3018	161	6112
192	7359	436	16223
192	7360	340	12326
26	1047	185	7088
38	1523	427	15897
77	2941	427	15897
118	4418	331	11942
119	4476	174	6617
331	11929	303	10831
331	11936	350	12820
118	4419	350	12819
135	5061	185	7073
79	3018	135	5059
303	10827	425	15818
57	2231	179	6815
96	3607	132	4952
119	4477	383	14117
118	4416	256	9143
192	7356	153	5772
91	3451	174	6600
38	1525	179	6819
350	12801	303	10832
435	16185	383	14134
132	4952	38	1519
179	6826	383	14113
427	15894	174	6610
118	4419	135	5061
350	12806	383	14113
214	8027	68	2668
185	7087	153	5779
135	5059	148	5569
132	4957	148	5570
118	4420	185	7088
91	3434	436	16224
153	5772	340	12326
57	2240	148	5570
192	7360	179	6815
68	2659	153	5777
331	11925	303	10836
119	4459	128	4807
38	1527	153	5778
185	7075	436	16223
68	2654	256	9144
91	3451	385	14199
135	5061	185	7073
77	2941	185	7087
161	6102	153	5766
161	6114	68	2657
68	2668	268	9634
185	7078	303	10836
119	4460	179	6829
26	1035	148	5568
38	1531	350	12817
38	1527	179	6815
385	14197	326	11752
77	2938	179	6826
38	1527	26	1052
174	6598	340	12324
96	3607	303	10831
77	2941	26	1033
256	9150	435	16186
38	1525	57	2243
192	7360	45	1753
135	5061	385	14196
77	2953	132	4961
68	2668	303	10836
26	1038	179	6826
26	1050	174	6614
132	4966	382	14092
68	2668	303	10836
153	5768	45	1749
153	5765	128	4801
436	16219	340	12324
350	12801	303	10832
91	3432	385	14199
77	2932	331	11929
153	5769	128	4807
68	2668	350	12814
192	7358	435	16184
79	3018	161	6102
119	4463	153	5768
91	3434	45	1753
79	3017	303	10819
214	8021	57	2242
214	8021	68	2668
132	4963	174	6609
161	6110	340	12336
77	2941	118	4416
185	7075	153	5766
26	1047	57	2234
256	9152	179	6826
385	14198	179	6815
77	2941	350	12818
385	14199	153	5779
77	2951	132	4959
161	6112	118	4417
161	6103	256	9144
214	8017	119	4457
119	4469	128	4807
385	14196	340	12336
57	2240	303	10835
350	12817	148	5570
118	4418	26	1033
185	7076	45	1753
385	14196	436	16221
118	4417	331	11936
38	1517	435	16184
427	15894	26	1033
118	4420	119	4464
68	2669	45	1755
161	6114	303	10836
132	4952	174	6610
91	3434	436	16224
132	4952	68	2660
435	16185	383	14134
96	3603	179	6829
26	1035	153	5775
185	7076	153	5778
382	14073	128	4801
77	2932	256	9150
382	14071	340	12328
435	16184	148	5573
185	7078	153	5769
91	3451	68	2660
331	11926	350	12800
350	12800	435	16181
132	4961	331	11936
331	11939	38	1529
256	9150	303	10831
174	6598	148	5570
77	2941	350	12818
161	6114	135	5057
118	4420	135	5061
256	9152	153	5770
118	4416	38	1523
350	12818	153	5779
119	4460	148	5568
179	6820	340	12336
68	2665	128	4807
68	2668	45	1754
135	5057	425	15821
68	2659	185	7071
161	6112	326	11752
185	7071	435	16182
132	4957	382	14092
77	2932	425	15820
331	11926	436	16222
119	4457	436	16218
119	4469	45	1757
256	9144	174	6600
77	2933	119	4464
135	5061	148	5573
185	7076	436	16224
161	6109	119	4463
68	2659	326	11752
161	6113	192	7356
79	3022	45	1753
79	3018	383	14134
118	4413	153	5775
77	2932	331	11929
118	4417	68	2667
427	15900	383	14115
119	4463	340	12328
68	2662	45	1755
118	4416	435	16186
119	4460	185	7079
256	9156	71	2807
77	2932	425	15820
77	2932	331	11929
96	3607	118	4418
68	2665	135	5061
91	3435	427	15891
38	1523	174	6609
427	15891	303	10832
161	6113	436	16224
96	3603	148	5568
153	5779	435	16183
435	16181	148	5568
153	5766	435	16182
427	15889	179	6828
68	2657	340	12336
378	13910	13925
378	13900	13930
378	13913	13934
378	13909	13924
378	13933	13939
378	13928	13933
378	13902	13943
378	13897	13922
378	13930	13938
378	13904	13947
378	13914	13929
413	15372	15400
413	15374	15402
413	15366	15394
413	15373	15401
413	15375	15404
413	15377	15406
413	15371	15399
413	15376	15405
413	15368	15396
413	15369	15397
413	15367	15395
305	10889	10927
305	10889	10926
296	10521	10552
296	10520	10550
198	7583	7595
198	7570	7580
198	7577	7591
198	7583	7593
198	7564	7586
198	7567	7590
198	7556	7557
198	7567	7577
198	7564	7582
198	7558	7583
198	7555	7585
13	0527	0554
13	0529	0556
13	0523	0551
13	0536	0565
13	0525	0553
13	0534	0562
13	0528	0555
13	0522	0549
13	0521	0541
13	0526	0554
13	0532	0559
293	10410	10422
293	10411	10424
293	10406	10439
293	10415	10431
293	10413	10429
293	10407	10420
293	10416	10433
293	10423	10436
293	10405	10419
293	10402	10417
293	10404	10418
156	5913	5929
156	5927	5934
44	1725	1740
44	1713	1736
44	1708	1733
44	1710	1735
44	1724	1740
44	1733	1744
44	1706	1732
44	1735	1745
44	1718	1737
44	1721	1738
241	8696	8707
241	8686	8705
241	8693	8709
241	8689	8714
241	8687	8714
241	8701	8707
241	8692	8695
241	8708	8713
59	2313	2347
59	2309	2345
59	2314	2348
59	2311	2346
59	2312	2347
59	2316	2349
59	2310	2345
59	2318	2351
59	2317	2350
59	2315	2349
199	7604	7622
199	7611	7627
199	7604	7627
199	7611	7622
199	7607	7618
187	7160	7191
187	7148	7173
187	7147	7171
187	7159	7191
187	7161	7191
187	7155	7186
187	7163	7193
187	7149	7178
187	7157	7188
187	7164	7195
187	7153	7182
410	15261	15267
410	15248	15273
410	15231	15271
410	15247	15273
410	15230	15256
410	15241	15271
327	11815	11818
327	11787	11806
327	11791	11809
327	11796	11812
327	11813	11819
327	11790	11808
327	11792	11810
327	11795	11811
327	11789	11807
327	11798	11813
327	11785	11805
173	6579	6594
173	6568	6582
173	6572	6583
173	6574	6584
173	6580	6596
173	6575	6585
173	6576	6589
173	6577	6592
397	14678	14706
397	14686	14711
397	14685	14710
397	14683	14709
397	14692	14716
397	14680	14707
397	14693	14717
397	14691	14715
397	14690	14715
397	14689	14713
2	0114	0098
2	0077	0091
2	0109	0072
2	0102	0067
2	0082	0098
2	0066	0068
2	0112	0069
2	0101	0071
2	0081	0096
2	0106	0067
2	0110	0097
339	12300	12316
339	12297	12313
339	12301	12317
339	12290	12303
339	12292	12307
339	12295	12312
339	12299	12315
339	12298	12314
207	7849	7854
207	7846	7853
207	7847	7851
259	9268	9311
259	9269	9279
259	9268	9300
191	7337	7353
191	7317	7339
191	7334	7350
191	7329	7346
191	7333	7349
191	7321	7341
191	7327	7345
191	7316	7339
191	7330	7347
170	6449	6469
170	6462	6478
170	6457	6472
170	6444	6467
170	6459	6473
170	6466	6484
170	6454	6471
170	6461	6475
170	6463	6480
170	6443	6466
69	2713	2720
69	2699	2702
69	2703	2711
69	2715	2717
69	2709	2736
69	2696	2711
69	2727	2731
69	2714	2731
69	2698	2713
69	2697	2712
69	2723	2731
297	10596	10603
297	10599	10604
297	10573	10579
297	10553	10586
297	10574	10593
297	10554	10565
297	10558	10588
297	10569	10584
297	10573	10592
297	10555	10584
297	10573	10578
403	14966	14984
403	14965	14986
403	14959	14982
403	14928	14986
403	14970	14985
403	14944	14984
403	14964	14984
403	14974	14984
403	14959	14983
403	14971	14983
403	14952	14984
81	3073	3101
81	3082	3106
81	3086	3110
81	3085	3109
81	3076	3104
81	3090	3112
81	3072	3100
81	3072	3099
81	3092	3113
81	3074	3102
81	3083	3107
220	8156	8161
376	13842	13857
376	13846	13859
376	13848	13862
376	13838	13854
376	13821	13848
376	13841	13856
376	13833	13852
376	13844	13858
376	13847	13861
376	13849	13864
376	13823	13849
353	12936	12953
353	12925	12949
353	12935	12952
353	12927	12955
353	12924	12948
353	12932	12950
222	8195	8211
222	8195	8214
159	6023	6044
159	6020	6043
159	6018	6042
159	6033	6052
159	6026	6048
159	6025	6046
159	6027	6048
159	6029	6050
159	6028	6049
159	6032	6051
159	6034	6053
221	8167	8173
221	8175	8180
221	8175	8176
389	14340	14365
389	14343	14372
389	14342	14370
389	14337	14357
389	14339	14364
389	14336	14355
389	14338	14358
389	14338	14359
389	14342	14371
389	14336	14356
389	14341	14367
154	5818	5841
154	5824	5847
154	5821	5844
154	5825	5848
154	5811	5838
154	5827	5849
154	5820	5843
154	5830	5851
154	5817	5840
154	5823	5846
154	5822	5845
345	12568	12581
345	12563	12579
345	12559	12594
345	12566	12587
345	12565	12585
345	12575	12577
345	12569	12579
440	16377	16403
238	8619	8631
238	8610	8634
238	8619	8624
146	5499	5528
247	8794	8797
247	8806	8807
247	8796	8817
247	8810	8815
296	10521	44	1708
339	12300	403	14944
44	1713	69	2697
397	14680	297	10569
13	0526	353	12935
13	0527	345	12569
376	13823	389	14340
81	3074	159	6029
378	13909	397	14680
2	0077	154	5827
378	13914	69	2703
410	15248	2	0110
170	6454	297	10569
191	7316	81	3086
198	7556	59	2309
81	3082	353	12936
220	8156	376	13849
44	1718	403	14928
293	10413	159	6032
198	7564	259	9268
13	0523	159	6033
173	6568	297	10569
170	6461	81	3082
198	7570	410	15261
156	5913	81	3076
44	1721	81	3085
191	7321	297	10599
339	12298	376	13833
241	8708	81	3076
170	6457	154	5817
2	0114	376	13842
13	0532	297	10558
173	6572	69	2703
13	0527	403	14952
187	7164	397	14690
293	10415	376	13849
397	14693	403	14964
327	11785	170	6449
293	10407	159	6027
198	7564	187	7147
296	10520	327	11792
378	13910	339	12298
410	15248	2	0110
59	2316	397	14685
81	3073	159	6020
339	12298	159	6034
13	0532	187	7159
187	7163	376	13838
2	0114	154	5824
327	11790	397	14690
296	10520	293	10402
154	5821	345	12575
13	0525	327	11791
241	8693	69	2723
397	14693	81	3076
159	6027	389	14341
397	14692	389	14343
397	14689	191	7317
378	13910	59	2317
339	12301	81	3086
191	7317	69	2696
378	13900	297	10558
376	13838	247	8810
410	15230	389	14338
296	10520	198	7564
293	10404	44	1713
198	7555	59	2311
410	15230	159	6025
44	1710	389	14343
241	8696	247	8794
13	0527	154	5827
403	14974	389	14341
13	0532	81	3090
397	14683	403	14974
293	10407	159	6027
173	6572	81	3086
296	10520	159	6027
44	1713	69	2697
156	5913	159	6027
69	2703	353	12932
13	0532	44	1721
410	15248	170	6461
59	2317	207	7847
198	7564	156	5913
339	12290	297	10553
296	10520	403	14944
293	10406	59	2311
198	7556	222	8195
403	14944	154	5822
241	8708	403	14944
2	0101	69	2714
403	14966	159	6023
397	14692	345	12575
44	1721	81	3085
397	14683	159	6027
397	14689	297	10599
187	7164	327	11795
44	1710	339	12295
69	2703	297	10599
410	15247	397	14689
170	6449	389	14339
170	6444	403	14959
13	0532	187	7160
187	7153	69	2697
376	13838	154	5824
187	7155	403	14971
403	14966	154	5822
378	13914	154	5818
187	7157	410	15241
397	14678	403	14959
378	13909	247	8796
378	13933	327	11791
339	12301	353	12936
198	7567	293	10405
44	1721	403	14966
170	6457	81	3085
173	6575	81	3092
170	6459	221	8175
44	1724	238	8610
198	7567	397	14690
297	10558	81	3076
198	7577	191	7330
327	11791	154	5821
410	15231	286	10199
44	1721	345	12563
198	7577	173	6579
173	6572	69	2703
222	8195	389	14340
187	7164	327	11795
410	15261	81	3090
187	7160	353	12935
170	6463	154	5827
376	13849	221	8175
413	15373	353	12924
59	2313	389	14341
198	7567	389	14340
293	10406	389	14343
170	6457	81	3085
187	7147	170	6443
241	8708	154	5817
170	6444	353	12932
170	6449	376	13838
81	3073	159	6028
187	7161	154	5827
156	5913	159	6018
378	13904	286	10199
293	10406	59	2311
170	6444	81	3072
397	14692	69	2698
198	7583	170	6461
198	7564	389	14336
44	1710	345	12575
296	10521	69	2697
296	10521	440	16377
13	0527	403	14974
187	7153	170	6454
296	10520	293	10402
293	10416	191	7327
187	7159	81	3085
187	7159	154	5817
154	5824	247	8796
187	7149	297	10553
59	2313	397	14683
187	7157	159	6025
59	2315	397	14685
159	6025	286	10199
156	5913	403	14964
296	10520	403	14966
198	7567	187	7157
2	0081	376	13847
198	7577	297	10573
297	10558	403	14952
69	2703	159	6032
191	7316	376	13846
13	0528	69	2703
241	8689	187	7157
293	10416	410	15261
389	14338	286	10199
293	10402	389	14336
69	2703	297	10599
59	2317	376	13823
327	11789	397	14689
403	14952	159	6023
170	6449	159	6020
339	12301	81	3086
293	10405	376	13833
410	15248	69	2703
13	0528	2	0110
222	8195	389	14340
187	7159	403	14974
327	11795	403	14965
44	1708	397	14685
403	14959	353	12925
198	7583	81	3086
397	14693	159	6026
297	10569	376	13838
241	8687	187	7157
44	1724	376	13847
413	15368	259	9268
173	6575	81	3092
2	0114	81	3092
410	15230	376	13833
173	6579	207	7846
59	2313	389	14341
81	3086	159	6032
207	7849	191	7321
327	11787	339	12295
339	12300	403	14944
410	15248	154	5818
198	7564	389	14336
353	12925	389	14337
378	13910	154	5820
198	7567	389	14340
13	0534	159	6034
170	6454	154	5824
345	12575	238	8610
13	0526	159	6026
170	6457	403	14944
378	13902	198	7567
403	14928	286	10199
59	2317	403	14928
339	12297	376	13842
2	0112	297	10596
13	0529	376	13838
69	2697	297	10555
397	14693	159	6026
327	11792	389	14341
327	11795	159	6034
293	10407	44	1706
198	7556	389	14338
378	13933	69	2698
241	8708	353	12935
198	7577	297	10573
296	10520	403	14952
59	2309	286	10199
198	7556	389	14338
241	8687	221	8175
44	1733	191	7334
13	0526	403	14964
259	9269	297	10569
339	12298	389	14342
296	10521	44	1708
378	13909	293	10404
378	13900	44	1721
187	7149	403	14971
191	7316	81	3086
187	7163	173	6568
293	10402	159	6023
173	6577	81	3090
13	0532	187	7160
187	7155	410	15248
397	14690	403	14965
413	15369	389	14337
397	14685	389	14339
397	14691	389	14342
410	15231	327	11795
353	12924	159	6023
187	7161	154	5827
198	7564	389	14341
44	1718	410	15241
198	7564	389	14336
198	7555	339	12292
156	5913	159	6026
173	6572	154	5818
191	7317	69	2703
13	0522	187	7160
410	15231	353	12927
413	15371	389	14338
297	10573	345	12559
241	8708	159	6026
293	10410	389	14341
339	12297	297	10555
59	2313	259	9268
170	6461	221	8167
81	3072	154	5818
59	2310	389	14340
156	5927	2	0082
187	7153	159	6020
81	3074	389	14340
199	7604	187	7148
207	7849	154	5818
293	10410	187	7159
327	11790	159	6029
378	13933	339	12295
293	10413	159	6032
159	6027	154	5822
339	12295	238	8610
241	8686	2	0101
187	7160	81	3085
187	7153	170	6454
13	0534	187	7164
339	12298	403	14928
241	8689	159	6029
198	7564	389	14336
59	2310	410	15230
376	13823	353	12927
207	7849	69	2696
159	6029	154	5825
191	7317	154	5818
403	14970	353	12925
253	9022	9026
253	9061	9062
253	9025	9046
253	9031	9038
253	9035	9056
253	9033	9034
253	9029	9049
253	9050	9059
253	9044	9054
253	9029	9063
253	9028	9045
182	6961	6988
182	6963	6992
182	6958	6982
182	6966	6996
182	6968	6997
182	6957	6978
182	6960	6985
182	6959	6984
182	6961	6989
182	6965	6994
182	6967	6997
416	15479	15503
416	15476	15493
416	15471	15502
416	15475	15491
416	15478	15515
416	15472	15486
416	15476	15494
416	15481	15497
416	15477	15499
416	15471	15499
416	15485	15496
52	2037	2059
52	2038	2060
52	2030	2051
52	2041	2063
52	2033	2054
52	2025	2047
52	2035	2056
52	2036	2057
52	2039	2061
52	2040	2062
52	2021	2045
90	3398	3427
90	3400	3430
90	3400	3431
90	3399	3429
90	3397	3426
90	3398	3428
363	13338	13365
363	13345	13367
363	13337	13365
363	13347	13369
363	13339	13366
363	13335	13364
363	13334	13364
363	13349	13371
106	3972	3975
106	3954	3963
106	3955	3967
106	3959	3973
106	3966	3978
106	3956	3968
224	8273	8276
224	8269	8276
76	2908	2921
76	2916	2918
76	2907	2929
76	2906	2920
76	2928	2931
76	2907	2915
76	2909	2926
76	2927	2930
322	11563	11586
322	11564	11587
322	11556	11580
322	11565	11588
322	11557	11581
322	11546	11575
322	11559	11582
322	11551	11577
322	11562	11585
322	11549	11576
322	11560	11583
362	13313	13323
111	4149	4170
111	4173	4180
111	4146	4170
111	4154	4172
111	4144	4170
111	4148	4164
111	4160	4172
111	4147	4180
111	4167	4174
111	4171	4180
111	4180	4185
343	12488	12503
343	12465	12479
343	12486	12498
343	12463	12503
343	12472	12494
343	12503	12504
343	12453	12472
343	12459	12474
343	12480	12499
343	12454	12480
343	12456	12473
409	15202	15223
409	15198	15207
409	15211	15223
409	15198	15218
409	15190	15223
409	15195	15219
409	15187	15198
409	15188	15217
409	15199	15226
409	15212	15227
409	15214	15225
110	4106	4116
110	4104	4129
110	4113	4128
110	4128	4129
110	4115	4138
110	4113	4118
110	4119	4133
110	4103	4132
110	4103	4130
110	4118	4129
110	4106	4107
46	1794	1801
46	1788	1816
46	1788	1795
46	1788	1804
46	1792	1811
46	1801	1814
46	1810	1815
46	1788	1812
46	1807	1811
54	2134	2144
54	2117	2139
54	2129	2142
54	2119	2140
93	3497	3506
93	3508	3518
93	3493	3498
93	3497	3514
93	3513	3516
93	3496	3510
93	3499	3510
93	3497	3523
333	12023	12045
333	12026	12048
333	12031	12054
333	12015	12038
333	12027	12049
333	12028	12051
333	12020	12042
333	12017	12039
333	12022	12044
333	12025	12046
333	12019	12041
261	9347	9364
261	9347	9352
261	9347	9367
261	9353	9355
261	9355	9375
261	9371	9389
261	9389	9390
386	14227	14257
386	14253	14260
386	14229	14259
386	14226	14255
386	14228	14258
122	4574	4598
122	4575	4602
122	4576	4603
298	10613	10616
298	10609	10618
298	10616	10623
298	10614	10626
298	10618	10629
298	10619	10627
298	10614	10619
298	10618	10622
298	10626	10627
78	2985	3016
78	2984	3016
78	2976	3010
78	2977	3011
78	2983	3015
78	2979	3012
78	2978	3011
78	2975	3010
78	2980	3012
78	2981	3013
215	8043	8057
215	8053	8055
115	4291	4306
361	13265	13284
361	13284	13295
361	13284	13288
361	13254	13282
361	13274	13282
321	11511	11533
321	11522	11537
321	11517	11535
321	11528	11542
321	11520	11536
321	11513	11534
321	11516	11535
321	11529	11543
321	11526	11539
321	11524	11538
83	3150	3167
83	3149	3164
262	9402	9421
262	9411	9428
262	9413	9426
262	9397	9413
262	9406	9423
262	9404	9427
262	9410	9434
262	9401	9420
262	9408	9425
262	9417	9429
262	9420	9430
112	4198	4221
112	4201	4227
112	4199	4222
112	4191	4215
112	4189	4213
112	4194	4217
112	4195	4218
112	4200	4225
112	4197	4220
112	4188	4212
112	4187	4209
117	4365	4381
117	4366	4394
117	4385	4407
117	4370	4400
117	4378	4410
117	4373	4404
117	4374	4404
117	4375	4405
117	4377	4409
117	4369	4399
117	4375	4406
240	8679	8684
240	8672	8684
240	8657	8669
240	8673	8680
56	2203	2228
56	2203	2227
56	2204	2229
56	2197	2221
56	2200	2224
56	2198	2222
56	2196	2220
56	2199	2223
56	2195	2219
56	2201	2225
56	2190	2216
292	10370	10387
292	10367	10386
292	10365	10385
292	10382	10394
292	10386	10400
292	10386	10399
292	10378	10391
292	10381	10393
292	10363	10383
292	10376	10390
292	10364	10385
16	0612	0639
16	0610	0637
16	0614	0641
16	0619	0645
16	0627	0648
16	0630	0649
16	0625	0647
16	0616	0643
16	0615	0642
16	0613	0640
16	0620	0646
373	13715	13730
373	13711	13723
373	13719	13740
373	13718	13738
373	13721	13743
373	13716	13732
373	13720	13742
373	13713	13725
373	13717	13735
373	13712	13724
265	9529	9553
265	9529	9554
201	7670	7681
201	7683	7696
253	9033	93	3493
122	4575	56	2203
343	12453	78	2977
76	2906	322	11551
54	2117	16	0610
343	12454	112	4200
46	1807	78	2983
111	4180	83	3150
343	12488	110	4113
322	11562	16	0620
343	12456	78	2983
262	9406	373	13719
110	4103	262	9420
343	12503	110	4104
322	11559	262	9410
78	2984	56	2200
333	12026	117	4375
416	15471	78	2976
76	2909	362	13313
416	15481	386	14226
78	2980	361	13265
361	13274	240	8657
112	4198	117	4370
52	2025	333	12028
321	11522	117	4370
321	11526	16	0615
322	11551	409	15187
333	12020	265	9529
78	2984	117	4374
333	12028	117	4377
78	2977	16	0610
322	11551	321	11516
322	11556	112	4198
262	9410	292	10381
90	3398	265	9529
182	6959	322	11551
361	13254	321	11522
52	2041	373	13721
54	2119	115	4291
111	4160	409	15187
182	6965	117	4373
117	4385	56	2198
409	15199	321	11513
363	13347	292	10364
343	12454	292	10378
253	9044	90	3397
52	2035	292	10382
78	2980	373	13713
261	9371	16	0630
416	15476	409	15187
321	11516	112	4188
93	3497	112	4198
90	3400	343	12453
78	2976	265	9529
322	11549	386	14229
52	2021	386	14229
322	11551	361	13265
333	12026	321	11522
253	9044	322	11557
333	12015	215	8053
343	12463	110	4113
409	15214	373	13712
78	2980	292	10367
343	12463	117	4375
262	9404	373	13718
363	13349	322	11546
416	15475	409	15190
182	6963	56	2198
416	15476	240	8672
52	2030	78	2985
333	12026	321	11522
409	15187	110	4113
333	12022	262	9404
298	10614	112	4191
112	4195	265	9529
112	4195	373	13715
343	12488	93	3496
363	13338	321	11516
409	15187	110	4113
363	13345	54	2119
83	3150	201	7683
52	2036	373	13718
386	14253	56	2203
78	2975	373	13715
111	4160	240	8672
90	3400	215	8043
54	2129	321	11526
321	11528	262	9402
261	9371	292	10386
52	2037	373	13719
93	3496	56	2196
76	2908	16	0613
110	4113	321	11517
52	2030	16	0610
363	13338	240	8672
262	9408	292	10378
110	4118	16	0630
78	2980	83	3150
321	11524	262	9406
409	15198	261	9371
76	2909	111	4167
321	11513	117	4365
262	9404	201	7683
409	15212	115	4291
253	9022	373	13715
416	15481	106	3956
106	3959	333	12023
343	12463	93	3499
52	2021	292	10365
298	10614	117	4377
111	4149	333	12025
409	15199	333	12025
182	6968	292	10376
46	1810	56	2201
333	12022	240	8672
52	2036	56	2201
182	6966	373	13718
93	3496	117	4370
409	15214	373	13712
112	4191	56	2199
52	2038	117	4377
90	3400	409	15188
416	15471	78	2976
253	9029	292	10386
409	15195	112	4187
117	4369	56	2190
321	11522	56	2196
111	4146	298	10609
322	11559	298	10609
416	15475	409	15211
52	2025	292	10370
362	13313	343	12488
76	2906	111	4167
361	13254	292	10363
111	4154	343	12488
76	2907	122	4574
112	4188	240	8672
182	6961	409	15188
292	10382	373	13720
117	4366	240	8679
409	15188	54	2117
182	6960	262	9401
322	11551	361	13274
363	13338	361	13254
363	13345	333	12015
106	3972	110	4104
46	1810	56	2201
409	15212	16	0612
322	11556	78	2979
182	6958	292	10370
46	1792	262	9402
52	2025	56	2199
253	9022	416	15477
76	2906	333	12022
76	2909	93	3496
363	13349	262	9404
76	2906	46	1794
110	4119	262	9417
292	10386	16	0625
322	11556	111	4154
253	9022	409	15195
253	9022	321	11524
182	6968	112	4189
386	14253	298	10613
262	9406	56	2203
343	12488	321	11522
52	2025	46	1792
292	10378	16	0615
322	11556	240	8673
78	2980	361	13274
56	2198	265	9529
333	12019	112	4189
46	1788	117	4377
363	13349	409	15187
52	2039	16	0619
117	4374	16	0619
78	2981	16	0612
363	13337	240	8672
333	12031	373	13721
322	11549	112	4191
343	12454	373	13720
93	3497	16	0616
343	12463	321	11522
409	15198	261	9371
93	3496	361	13265
240	8672	373	13711
90	3398	321	11524
363	13347	112	4191
361	13274	240	8657
361	13254	321	11522
292	10367	201	7683
322	11556	93	3496
343	12454	262	9411
110	4113	240	8672
76	2906	333	12022
182	6966	111	4160
416	15472	343	12472
343	12454	373	13716
110	4128	292	10386
111	4173	409	15198
106	3956	343	12453
182	6961	321	11526
224	8269	343	12503
46	1788	298	10609
110	4103	298	10616
52	2021	321	11513
333	12028	78	2983
321	11516	240	8657
111	4180	321	11517
90	3397	262	9397
111	4147	93	3497
76	2907	373	13719
110	4113	361	13265
261	9371	292	10386
52	2039	292	10378
253	9022	416	15471
52	2030	321	11526
111	4154	361	13274
90	3397	409	15190
90	3400	117	4369
333	12028	56	2204
343	12453	78	2978
111	4154	240	8679
46	1807	117	4377
262	9406	117	4385
409	15188	78	2977
52	2025	111	4149
322	11559	262	9402
76	2928	111	4148
117	4365	292	10364
111	4160	361	13254
182	6959	117	4366
182	6963	16	0613
46	1788	262	9410
322	11565	112	4197
52	2033	386	14253
321	11526	56	2190
52	2037	298	10613
52	2033	76	2907
112	4188	56	2196
117	4385	373	13717
90	3399	386	14229
361	13274	117	4366
363	13338	322	11546
76	2909	46	1794
117	4370	373	13718
321	11529	16	0620
343	12488	16	0616
76	2908	16	0613
321	11528	56	2204
182	6959	416	15476
343	12465	112	4191
111	4180	240	8672
83	3149	112	4187
106	3959	333	12031
46	1792	333	12025
416	15477	90	3398
322	11564	111	4146
343	12465	298	10609
253	9044	322	11557
321	11522	83	3150
117	4374	56	2195
112	4200	292	10382
90	3397	78	2981
52	2038	56	2204
361	13254	201	7683
111	4167	343	12463
110	4113	333	12026
78	2980	83	3150
78	2977	56	2195
253	9044	333	12019
321	11526	262	9408
343	12454	112	4200
409	15212	333	12019
416	15475	409	15202
117	4375	56	2196
363	13347	333	12025
224	8269	361	13284
54	2129	56	2195
117	4378	292	10382
106	3972	110	4118
363	13349	361	13265
78	2984	56	2200
343	12463	93	3499
106	3959	78	2981
46	1810	112	4188
78	2979	56	2196
343	12488	78	2979
361	13274	112	4188
253	9022	182	6963
52	2040	76	2909
298	10609	292	10381
111	4171	292	10386
46	1788	262	9410
343	12503	261	9371
106	3972	110	4128
112	4198	56	2196
416	15476	322	11546
322	11565	112	4197
322	11560	409	15188
9	0373	0374
9	0379	0383
9	0361	0387
9	0362	0396
9	0356	0395
9	0381	0395
9	0358	0376
9	0390	0395
9	0375	0395
9	0362	0383
9	0351	0373
401	14844	14866
401	14863	14879
401	14846	14867
401	14857	14873
401	14861	14878
401	14855	14871
401	14853	14870
401	14841	14864
401	14865	14881
401	14856	14872
401	14851	14869
190	7286	7298
190	7285	7300
190	7287	7302
190	7287	7313
190	7280	7313
190	7280	7302
190	7299	7306
190	7283	7299
190	7280	7310
190	7297	7305
190	7300	7311
341	12356	12380
341	12375	12396
341	12378	12399
341	12353	12377
341	12363	12387
341	12364	12388
341	12360	12384
341	12377	12397
341	12361	12385
341	12346	12369
341	12370	12391
272	9777	9790
272	9765	9777
272	9772	9789
272	9784	9790
272	9767	9769
272	9765	9784
272	9769	9781
272	9776	9789
60	2358	2381
60	2375	2390
60	2352	2379
60	2361	2382
60	2373	2386
60	2369	2384
60	2376	2391
60	2371	2385
60	2374	2388
105	3914	3951
105	3911	3948
105	3911	3947
105	3915	3951
105	3913	3949
105	3912	3949
37	1493	1514
37	1489	1492
37	1505	1514
37	1483	1511
37	1483	1484
37	1503	1514
157	5940	5955
157	5936	5958
157	5942	5962
157	5935	5964
157	5960	5973
157	5941	5959
157	5957	5969
157	5944	5966
157	5952	5971
157	5965	5970
157	5937	5949
288	10249	10258
288	10241	10262
337	12199	12211
337	12212	12218
337	12208	12217
337	12194	12212
337	12216	12221
337	12200	12210
337	12203	12214
337	12183	12215
337	12192	12195
337	12183	12214
337	12203	12215
423	15753	15772
423	15761	15776
423	15762	15777
423	15771	15782
423	15766	15779
423	15764	15778
423	15768	15780
423	15772	15783
317	11367	11386
317	11366	11388
317	11368	11386
172	6533	6560
172	6527	6556
172	6532	6560
172	6526	6555
172	6531	6559
172	6529	6557
189	7254	7275
189	7245	7277
189	7268	7274
189	7265	7275
168	6374	6397
168	6369	6393
168	6368	6391
168	6369	6392
168	6371	6396
168	6378	6400
168	6376	6398
168	6377	6399
168	6379	6400
17	0663	0685
17	0658	0684
17	0658	0683
17	0670	0688
17	0668	0686
17	0669	0687
17	0677	0693
17	0674	0690
17	0671	0688
17	0676	0692
17	0678	0697
365	13427	13440
365	13436	13453
365	13431	13442
365	13423	13439
365	13434	13448
365	13432	13445
365	13433	13446
365	13430	13441
365	13435	13450
25	1003	1032
25	1002	1031
25	1018	0989
25	1025	0993
25	1017	0986
25	1018	0988
25	1019	0990
25	1015	0984
25	1021	0992
25	1017	0987
25	1012	0982
367	13527	13528
367	13515	13530
367	13511	13525
367	13503	13517
367	13511	13533
367	13502	13516
367	13509	13528
367	13506	13519
367	13510	13522
367	13504	13518
367	13500	13515
348	12703	12744
348	12715	12732
348	12697	12740
348	12695	12739
348	12705	12718
348	12695	12706
348	12728	12732
348	12690	12711
348	12707	12742
348	12728	12733
348	12715	12733
338	12230	12264
338	12231	12265
338	12227	12268
338	12231	12243
338	12229	12272
338	12222	12282
338	12272	12277
338	12241	12243
338	12233	12271
338	12262	12284
338	12240	12265
89	3360	3364
89	3367	3368
89	3362	3389
89	3375	3385
89	3363	3394
89	3375	3378
89	3374	3394
89	3369	3370
89	3361	3387
89	3368	3381
384	14165	14194
384	14162	14191
384	14163	14192
384	14164	14193
384	14160	14189
411	15275	15278
411	15309	15310
411	15280	15297
411	15287	15312
411	15284	15298
411	15286	15311
411	15304	15309
411	15284	15299
123	4605	4639
123	4606	4640
123	4604	4637
123	4606	4641
302	10786	10808
302	10785	10807
302	10778	10804
302	10767	10796
302	10773	10801
302	10768	10797
302	10776	10803
302	10781	10805
302	10771	10800
302	10769	10798
302	10770	10799
287	10221	10228
287	10224	10230
287	10225	10230
287	10220	10228
287	10220	10234
287	10221	10234
324	11634	11656
324	11638	11657
141	5284	5311
141	5291	5321
141	5286	5316
141	5287	5318
141	5293	5323
141	5295	5325
141	5285	5315
141	5292	5322
141	5290	5321
141	5293	5324
141	5288	5319
21	0835	0862
21	0831	0859
21	0836	0863
21	0834	0861
21	0833	0860
314	11257	11275
314	11276	11292
314	11282	11297
314	11271	11278
357	13085	13101
357	13089	13104
357	13107	13124
357	13116	13118
357	13093	13106
357	13096	13114
357	13111	13116
357	13100	13117
357	13110	13127
357	13103	13121
357	13110	13126
270	9687	9707
94	3561	3577
94	3542	3566
94	3527	3550
94	3559	3575
94	3531	3557
94	3548	3569
94	3537	3564
94	3550	3570
94	3552	3571
94	3529	3555
94	3560	3576
107	4001	4021
107	3982	4007
107	3996	4016
107	3982	4008
107	3987	4012
107	3994	4014
107	4000	4019
107	3983	4009
107	3988	4013
107	3998	4018
107	3995	4016
252	8999	9020
252	8997	9016
252	8988	9008
252	8981	9003
252	8983	9005
252	8990	9010
252	8991	9010
252	8998	9017
252	8994	9013
348	12695	287	10220
338	12233	302	10773
357	13085	94	3529
89	3375	141	5290
105	3914	141	5295
367	13510	302	10781
17	0663	107	3994
190	7283	94	3537
17	0668	89	3367
317	11367	123	4606
105	3912	423	15761
423	15768	367	13527
302	10776	357	13085
9	0351	317	11368
302	10785	252	8998
190	7283	252	8983
190	7286	105	3913
288	10249	25	1018
157	5940	141	5286
401	14857	423	15764
367	13509	107	3987
423	15762	168	6378
401	14863	357	13100
341	12353	21	0834
60	2352	105	3914
341	12364	60	2374
190	7285	172	6527
423	15764	252	8996
17	0669	252	8988
172	6531	21	0836
190	7285	157	5935
168	6374	252	8995
172	6531	141	5288
9	0381	384	14165
60	2361	17	0669
157	5937	21	0834
60	2369	252	8999
60	2361	367	13502
365	13431	302	10785
189	7254	25	1018
60	2358	89	3375
338	12241	302	10768
37	1493	365	13433
172	6527	338	12240
423	15766	141	5293
338	12231	302	10768
411	15309	107	3994
9	0362	338	12240
341	12363	168	6376
401	14853	302	10785
365	13434	348	12703
302	10776	252	8988
190	7280	423	15761
141	5290	107	3982
365	13431	357	13116
317	11366	172	6529
411	15309	302	10786
337	12203	94	3527
423	15753	89	3368
367	13506	21	0835
423	15772	89	3374
338	12241	302	10768
423	15772	89	3367
367	13511	411	15287
17	0678	365	13436
302	10785	314	11257
341	12375	348	12697
341	12370	60	2373
17	0663	141	5288
168	6371	141	5286
17	0663	252	8994
189	7254	25	1018
105	3913	423	15761
348	12715	141	5285
94	3548	107	4001
272	9765	25	1015
190	7287	341	12364
89	3367	357	13116
168	6368	302	10769
190	7287	367	13506
317	11366	252	8981
367	13502	338	12230
105	3914	317	11368
17	0671	411	15286
9	0362	384	14163
338	12229	89	3375
141	5295	107	3995
341	12356	252	8995
157	5944	337	12192
367	13502	94	3527
17	0668	365	13431
401	14851	338	12241
105	3911	324	11634
341	12364	423	15772
123	4604	302	10769
317	11367	357	13089
302	10773	141	5291
17	0663	21	0836
105	3913	141	5293
168	6369	94	3527
365	13427	348	12703
367	13504	302	10773
17	0676	367	13510
17	0658	141	5295
94	3542	107	3996
168	6379	348	12703
89	3360	21	0835
60	2358	367	13509
365	13431	302	10785
401	14846	338	12233
157	5941	338	12227
9	0362	411	15280
168	6378	270	9687
172	6531	168	6379
302	10776	21	0831
157	5937	123	4604
401	14841	357	13085
338	12241	107	3987
423	15768	25	1003
172	6532	123	4606
341	12370	60	2373
337	12183	338	12230
348	12715	338	12241
401	14855	172	6527
401	14846	338	12229
60	2361	21	0836
168	6368	141	5292
60	2374	365	13431
317	11368	357	13089
9	0362	302	10773
9	0351	157	5936
89	3375	302	10778
60	2361	172	6526
9	0375	423	15753
423	15768	367	13509
157	5941	141	5291
317	11366	89	3360
190	7283	337	12183
337	12208	25	1002
189	7245	17	0658
317	11367	252	8995
337	12208	141	5295
365	13433	367	13511
423	15753	252	8981
9	0375	141	5287
168	6374	123	4606
302	10776	252	8988
60	2375	337	12212
141	5291	107	3982
423	15766	367	13506
348	12695	287	10221
272	9776	25	1003
365	13433	107	3998
60	2358	338	12241
37	1483	287	10221
9	0361	17	0678
190	7283	168	6369
401	14841	338	12230
348	12703	252	8994
288	10241	411	15280
189	7265	25	1018
190	7283	107	3994
302	10781	252	8983
190	7283	157	5942
401	14861	338	12222
423	15764	357	13096
105	3911	107	3988
9	0356	105	3912
348	12715	107	3982
172	6531	367	13502
317	11367	123	4606
423	15771	338	12227
17	0663	302	10786
423	15766	141	5293
384	14165	302	10770
17	0671	411	15286
357	13085	252	8983
17	0671	141	5295
337	12183	423	15762
190	7286	21	0835
25	1018	89	3369
411	15280	302	10778
337	12216	25	1021
401	14851	21	0833
341	12375	348	12697
105	3911	365	13423
401	14863	341	12364
168	6374	357	13089
107	3998	252	8999
123	4605	302	10771
348	12715	21	0833
348	12690	357	13116
288	10249	348	12695
105	3913	367	13506
9	0390	317	11366
341	12360	252	8988
190	7280	89	3360
105	3913	252	8981
17	0663	94	3529
365	13431	357	13116
411	15309	302	10786
190	7287	172	6529
401	14851	302	10773
317	11367	357	13089
302	10773	107	3987
288	10241	324	11638
401	14851	423	15764
172	6533	107	3995
190	7283	337	12203
157	5941	141	5290
168	6368	94	3531
190	7285	367	13504
190	7287	423	15761
288	10249	357	13103
17	0658	141	5295
348	12703	411	15284
190	7286	168	6377
348	12715	107	3982
338	12272	287	10220
89	3360	141	5287
317	11368	123	4606
384	14164	302	10769
17	0677	107	3996
288	10241	21	0833
94	3542	107	3996
9	0358	168	6371
341	12346	60	2352
423	15768	89	3375
423	15762	168	6369
123	4606	141	5295
341	12356	123	4606
168	6376	365	13430
172	6533	17	0670
317	11368	17	0658
338	12229	107	3982
9	0379	141	5285
9	0358	341	12353
89	3360	141	5287
367	13510	270	9687
157	5965	357	13107
348	12703	411	15284
341	12353	367	13500
105	3911	324	11634
190	7285	141	5290
338	12233	107	3982
9	0356	317	11366
9	0358	107	3988
337	12192	89	3363
157	5940	367	13500
168	6368	107	3988
302	10785	252	8998
423	15768	252	8990
423	15762	172	6526
367	13511	411	15287
302	10778	357	13093
270	9687	252	8994
189	7245	357	13089
17	0670	411	15286
338	12227	252	8990
401	14844	337	12203
190	7283	337	12183
302	10773	141	5290
168	6368	141	5292
141	5287	314	11257
168	6374	17	0658
172	6527	324	11638
337	12208	141	5295
9	0351	172	6533
401	14853	17	0668
423	15762	94	3537
190	7300	25	1018
37	1483	189	7254
302	10768	324	11638
190	7286	105	3912
338	12240	107	3987
172	6531	365	13427
37	1505	107	4001
401	14856	17	0663
288	10249	365	13435
190	7280	357	13085
157	5952	357	13100
338	12272	89	3369
9	0373	25	1012
401	14846	141	5290
341	12361	337	12212
37	1483	189	7254
157	5965	357	13107
60	2374	357	13100
9	0358	324	11634
365	13430	411	15287
401	14861	341	12363
105	3912	141	5293
37	1493	252	8999
367	13506	141	5287
190	7283	337	12183
168	6374	123	4606
411	15280	302	10768
157	5940	107	3983
190	7283	107	3994
157	5935	252	8990
319	11442	11471
319	11440	11468
319	11441	11470
319	11442	11472
319	11439	11468
319	11438	11465
65	2562	2589
65	2565	2591
65	2569	2592
65	2560	2586
65	2561	2588
65	2571	2594
65	2561	2587
65	2554	2583
65	2555	2584
65	2576	2597
65	2573	2596
142	5345	5361
142	5346	5362
142	5342	5359
142	5352	5366
142	5353	5369
142	5347	5362
142	5339	5358
142	5333	5357
142	5349	5364
142	5343	5360
142	5350	5364
231	8424	8442
231	8428	8436
227	8342	8350
227	8332	8343
227	8344	8352
227	8337	8352
227	8331	8337
227	8331	8344
227	8337	8351
227	8336	8343
227	8344	8351
392	14483	14500
392	14486	14503
392	14479	14496
392	14489	14508
392	14475	14494
392	14467	14491
392	14484	14501
392	14481	14498
392	14477	14495
392	14482	14499
392	14473	14493
204	7747	7753
417	15516	15527
417	15518	15533
417	15525	15552
417	15516	15526
417	15523	15547
417	15517	15532
417	15524	15550
417	15518	15534
417	15521	15540
417	15522	15544
417	15527	15553
445	16603	16626
445	16607	16629
445	16589	16615
445	16588	16613
445	16593	16618
445	16605	16627
445	16591	16617
445	16601	16624
445	16609	16631
445	16600	16623
445	16612	16634
299	10631	10667
299	10651	10673
299	10649	10671
299	10633	10661
299	10637	10663
299	10650	10672
299	10645	10669
299	10639	10665
299	10638	10664
299	10630	10659
299	10653	10675
395	14579	14607
395	14598	14616
395	14588	14611
395	14577	14613
395	14605	14619
395	14574	14619
395	14597	14615
395	14610	14626
395	14576	14592
395	14574	14578
395	14581	14616
421	15674	15690
421	15691	15696
149	5619	5623
149	5620	5628
149	5610	5620
149	5626	5627
149	5629	5635
149	5635	5636
149	5635	5644
149	5619	5640
149	5619	5622
269	9653	9662
269	9644	9668
269	9655	9675
269	9668	9676
439	16353	16373
439	16355	16376
439	16341	16367
439	16337	16363
439	16351	16371
439	16352	16372
439	16350	16370
439	16356	16376
439	16339	16365
439	16342	16368
439	16338	16364
28	1119	1146
28	1117	1145
28	1120	1147
28	1116	1144
364	13384	13402
364	13394	13406
364	13400	13418
364	13396	13408
364	13398	13413
364	13397	13410
364	13388	13404
364	13378	13399
364	13386	13403
364	13382	13401
364	13380	13400
336	12142	12168
336	12140	12167
336	12149	12173
336	12159	12176
336	12168	12179
336	12143	12169
336	12154	12175
336	12167	12178
336	12145	12171
336	12144	12170
336	12164	12177
234	8518	8524
318	11408	11428
318	11414	11434
318	11413	11433
318	11400	11425
318	11412	11432
318	11410	11430
318	11407	11428
318	11416	11436
318	11401	11426
318	11405	11427
318	11411	11431
186	7123	7138
186	7121	7138
186	7131	7142
186	7122	7135
186	7132	7139
355	13016	13039
355	13021	13044
355	13013	13036
355	13011	13034
355	13020	13043
355	13019	13042
355	13014	13037
355	13008	13031
355	13015	13038
355	13012	13035
355	13017	13040
418	15556	15598
418	15568	15582
418	15569	15570
418	15560	15569
418	15556	15582
418	15568	15598
418	15572	15582
418	15571	15581
418	15572	15598
408	15154	15172
408	15158	15176
408	15153	15171
408	15159	15178
408	15144	15167
408	15141	15165
408	15155	15173
408	15146	15168
408	15156	15173
408	15148	15169
408	15158	15177
125	4687	4705
125	4689	4706
125	4690	4707
125	4694	4711
125	4699	4719
125	4696	4716
125	4680	4703
125	4686	4704
125	4691	4708
125	4698	4718
406	15078	15099
406	15077	15088
406	15100	15103
406	15077	15098
406	15073	15081
406	15079	15094
406	15099	15105
406	15070	15078
406	15073	15092
406	15066	15082
406	15070	15105
181	6922	6947
181	6918	6945
181	6931	6956
181	6924	6949
181	6914	6935
181	6920	6946
181	6919	6945
181	6923	6948
181	6925	6950
181	6928	6953
181	6916	6943
254	9067	9090
254	9072	9096
254	9070	9092
254	9071	9094
254	9065	9088
254	9066	9089
254	9064	9085
254	9068	9090
254	9072	9095
254	9073	9097
254	9069	9091
124	4651	4673
124	4656	4677
124	4658	4679
124	4643	4669
124	4653	4674
124	4649	4671
124	4642	4662
124	4655	4676
320	11475	11497
320	11480	11498
320	11498	11504
320	11489	11499
271	9740	9761
271	9723	9724
271	9748	9764
271	9732	9763
271	9739	9749
271	9724	9760
271	9744	9748
271	9724	9755
398	14727	14749
398	14734	14755
398	14729	14750
398	14733	14754
398	14730	14751
398	14723	14745
398	14731	14753
398	14726	14748
398	14722	14744
398	14719	14741
398	14721	14743
140	5267	5281
140	5271	5278
140	5268	5283
140	5266	5283
140	5271	5280
140	5271	5273
109	4069	4099
109	4060	4089
109	4064	4094
109	4062	4093
109	4061	4091
109	4071	4100
109	4067	4096
109	4066	4095
109	4070	4099
109	4068	4098
202	7699	7705
202	7699	7701
202	7708	7714
58	2275	2304
58	2267	2291
58	2276	2304
58	2276	2305
58	2268	2291
58	2270	2298
58	2274	2302
58	2273	2300
58	2275	2305
426	15873	15877
426	15875	15879
10	0424	0433
395	14598	124	4651
65	2560	271	9724
395	14588	124	4651
417	15518	299	10631
65	2573	186	7123
65	2573	392	14477
319	11442	406	15070
65	2576	408	15153
149	5619	109	4066
417	15523	336	12164
417	15522	395	14574
181	6920	109	4071
65	2573	142	5333
439	16355	364	13394
204	7747	254	9066
318	11416	124	4655
65	2571	355	13015
364	13388	398	14721
408	15156	254	9072
65	2560	299	10645
142	5350	364	13400
181	6923	398	14733
418	15568	408	15158
318	11413	271	9724
406	15100	426	15873
65	2561	202	7708
445	16601	364	13388
319	11439	28	1120
299	10637	320	11489
204	7747	140	5271
125	4696	202	7708
181	6923	398	14733
125	4689	58	2275
65	2561	336	12149
418	15556	254	9064
392	14484	398	14730
392	14483	181	6924
392	14482	140	5266
149	5619	181	6920
439	16341	271	9724
204	7747	398	14733
299	10637	398	14723
395	14579	318	11401
319	11442	254	9068
65	2576	364	13398
336	12143	109	4060
318	11413	109	4060
364	13396	181	6925
186	7121	355	13012
395	14605	149	5629
406	15073	181	6919
227	8336	408	15146
149	5610	109	4071
319	11441	254	9066
149	5619	408	15148
408	15155	181	6923
364	13397	408	15154
417	15517	418	15568
142	5347	406	15100
392	14482	58	2275
227	8336	445	16612
318	11413	355	13016
227	8332	125	4696
417	15516	124	4642
336	12149	318	11405
254	9064	398	14722
65	2555	124	4649
28	1117	408	15156
392	14483	406	15073
445	16605	269	9653
299	10649	254	9070
395	14579	418	15560
227	8336	408	15146
417	15522	124	4655
355	13017	58	2273
355	13017	254	9066
439	16353	58	2276
355	13012	124	4653
392	14481	439	16356
355	13013	181	6924
392	14484	186	7122
299	10651	28	1117
65	2571	355	13015
227	8331	58	2276
269	9655	254	9068
408	15146	58	2276
408	15141	181	6918
65	2573	392	14477
355	13015	140	5267
124	4651	140	5267
398	14733	58	2275
124	4658	398	14729
142	5339	269	9644
445	16612	254	9072
142	5343	271	9744
319	11442	355	13013
65	2561	355	13017
142	5347	124	4658
186	7123	109	4064
227	8337	186	7131
319	11439	439	16351
392	14483	336	12159
125	4689	202	7708
65	2554	318	11405
392	14482	124	4653
204	7747	299	10651
181	6924	254	9068
445	16609	181	6920
142	5352	254	9073
398	14733	58	2275
318	11408	124	4642
439	16337	234	8518
227	8331	202	7708
406	15099	109	4070
439	16339	109	4066
417	15521	364	13397
395	14597	398	14734
142	5339	408	15159
364	13394	271	9724
299	10638	125	4689
254	9067	398	14729
445	16607	355	13011
319	11442	355	13013
65	2561	227	8332
186	7122	181	6920
149	5610	28	1119
227	8332	140	5271
254	9064	398	14722
364	13394	181	6922
231	8428	10	0424
408	15155	254	9072
28	1120	109	4067
417	15517	395	14588
299	10645	254	9065
445	16600	406	15070
336	12168	406	15079
395	14588	254	9064
142	5342	186	7122
124	4651	271	9744
299	10653	439	16350
439	16342	186	7123
408	15155	109	4068
318	11408	58	2270
355	13015	418	15572
439	16342	28	1117
336	12159	406	15100
65	2561	355	13017
417	15522	418	15556
392	14482	124	4653
439	16350	364	13396
319	11442	426	15875
149	5619	58	2274
364	13382	320	11480
417	15524	254	9071
254	9068	398	14729
299	10631	271	9724
439	16355	406	15066
392	14484	364	13398
65	2573	142	5345
364	13396	181	6925
142	5343	395	14581
439	16353	58	2276
186	7123	125	4689
417	15518	124	4656
65	2562	406	15073
28	1117	181	6928
395	14597	149	5610
395	14581	149	5626
319	11440	418	15556
181	6919	109	4061
142	5345	320	11498
445	16612	10	0419
417	15521	445	16607
319	11441	408	15156
445	16607	181	6916
181	6916	109	4060
299	10649	254	9064
364	13382	320	11480
124	4643	109	4064
319	11442	392	14475
65	2569	426	15875
65	2562	426	15873
299	10630	421	15674
149	5626	408	15144
65	2571	355	13015
181	6931	398	14731
320	11489	109	4060
149	5619	398	14734
392	14486	406	15066
125	4694	58	2273
140	5271	58	2275
355	13013	398	14729
355	13017	109	4064
227	8331	124	4643
125	4690	406	15073
418	15569	406	15078
28	1117	125	4689
406	15070	426	15873
392	14482	109	4068
418	15556	181	6931
125	4691	109	4071
227	8331	58	2276
254	9066	58	2275
65	2573	140	5268
395	14598	181	6931
355	13016	320	11489
149	5626	439	16351
355	13012	109	4068
408	15155	254	9072
439	16339	125	4691
417	15518	364	13394
142	5333	140	5271
28	1117	355	13012
417	15525	269	9655
181	6928	58	2276
318	11416	140	5267
142	5333	336	12154
355	13008	58	2273
65	2561	395	14577
439	16338	406	15070
439	16341	181	6922
299	10649	355	13015
417	15522	271	9744
65	2554	318	11405
392	14473	271	9724
65	2561	392	14477
234	8518	355	13008
231	8424	271	9739
320	11475	271	9740
319	11438	392	14477
319	11439	418	15568
392	14467	109	4062
320	11498	10	0424
186	7123	398	14733
392	14475	398	14729
142	5342	408	15153
417	15524	408	15159
65	2573	181	6923
392	14475	336	12159
65	2573	58	2276
395	14605	364	13400
395	14579	318	11410
364	13388	58	2270
364	13388	109	4071
392	14479	355	13014
181	6928	254	9072
392	14467	336	12142
149	5635	271	9748
65	2569	181	6918
124	4642	58	2267
299	10651	58	2275
392	14475	109	4070
406	15070	398	14729
336	12149	271	9740
398	14733	109	4068
149	5626	418	15572
445	16612	202	7708
355	13012	58	2276
254	9072	140	5271
408	15146	58	2276
408	15155	58	2275
65	2571	181	6931
227	8331	28	1117
408	15155	10	0424
392	14477	181	6928
299	10645	364	13386
28	1116	125	4687
231	8424	271	9739
142	5333	439	16353
439	16352	28	1116
408	15144	124	4651
299	10653	395	14597
318	11411	355	13014
65	2565	418	15556
392	14477	140	5271
355	13012	58	2275
149	5626	408	15144
439	16353	254	9072
445	16609	299	10653
318	11408	181	6914
125	4689	109	4068
395	14598	318	11416
204	7747	140	5271
355	13017	125	4696
417	15517	109	4062
140	5271	109	4068
336	12164	398	14729
355	13014	398	14721
318	11413	271	9724
181	6914	58	2268
269	9655	336	12164
125	4696	398	14727
318	11411	58	2268
65	2576	392	14479
445	16605	186	7122
392	14475	109	4069
418	15556	109	4067
227	8336	109	4064
355	13017	254	9066
417	15517	418	15572
310	11090	11120
310	11097	11127
310	11091	11121
310	11094	11123
310	11098	11128
310	11092	11122
310	11095	11124
310	11097	11126
310	11096	11125
310	11089	11119
40	1583	1613
372	13697	13707
372	13696	13708
102	3795	3804
102	3809	3813
102	3787	3790
102	3795	3805
102	3798	3808
102	3787	3798
102	3790	3808
211	7934	7952
211	7940	7952
211	7940	7965
211	7934	7965
85	3228	3230
85	3229	3247
85	3213	3218
85	3233	3246
85	3220	3232
85	3223	3233
85	3214	3248
85	3221	3224
85	3222	3235
356	13058	13082
356	13054	13077
356	13051	13074
356	13056	13080
356	13053	13076
356	13057	13081
356	13059	13083
356	13055	13079
356	13052	13075
276	9949	9954
276	9913	9933
276	9926	9939
276	9938	9950
276	9909	9923
276	9924	9945
276	9933	9942
276	9927	9935
276	9924	9937
276	9926	9930
276	9945	9948
415	15441	15466
415	15442	15468
415	15440	15458
415	15444	15470
415	15443	15467
415	15440	15459
180	6880	6905
180	6876	6877
180	6868	6901
180	6866	6890
180	6866	6908
180	6894	6897
180	6856	6888
180	6857	6881
180	6870	6892
180	6877	6911
180	6854	6898
437	16260	16279
437	16269	16287
437	16267	16286
437	16282	16295
437	16275	16289
437	16263	16284
437	16280	16290
437	16272	16288
437	16264	16285
164	6237	6251
164	6228	6244
164	6230	6245
164	6227	6244
164	6233	6246
164	6236	6249
164	6221	6242
165	6266	6289
165	6256	6280
165	6263	6286
165	6273	6288
165	6282	6292
165	6283	6284
165	6275	6294
165	6285	6290
165	6281	6293
165	6275	6291
402	14882	14913
402	14907	14923
402	14903	14921
402	14889	14916
402	14908	14924
402	14899	14920
402	14886	14915
402	14909	14925
402	14899	14919
402	14885	14914
402	14910	14926
433	16111	16143
433	16110	16131
433	16104	16122
433	16124	16141
433	16119	16144
433	16108	16128
433	16115	16135
433	16105	16116
433	16116	16137
433	16109	16130
433	16112	16132
274	9838	9865
274	9845	9872
274	9827	9829
274	9830	9845
274	9827	9863
274	9861	9865
274	9857	9874
274	9845	9851
274	9850	9874
274	9862	9866
274	9836	9866
126	4725	4730
230	8406	8421
399	14787	14795
399	14776	14797
399	14794	14801
399	14784	14798
399	14774	14795
399	14760	14787
399	14761	14776
399	14772	14801
399	14773	14786
399	14758	14773
399	14791	14794
108	4027	4049
108	4028	4052
108	4028	4051
108	4031	4057
108	4026	4048
108	4030	4057
108	4025	4047
419	15614	15631
419	15610	15628
419	15607	15625
419	15616	15632
419	15624	15639
419	15622	15635
419	15620	15633
419	15608	15626
419	15609	15627
43	1678	1702
43	1677	1701
43	1674	1698
43	1672	1694
43	1671	1692
43	1673	1696
43	1679	1703
43	1676	1700
43	1675	1699
205	7777	7788
205	7786	7794
205	7785	7797
205	7778	7788
205	7784	7791
205	7786	7793
377	13866	13892
377	13866	13891
208	7874	7879
208	7875	7881
208	7875	7876
208	7875	7891
8	0317	0347
8	0314	0344
8	0320	0349
8	0319	0348
8	0311	0342
8	0321	0349
8	0312	0342
8	0316	0346
8	0317	0346
8	0315	0345
8	0309	0340
19	0759	0785
19	0764	0787
19	0745	0777
19	0748	0782
19	0776	0796
19	0777	0797
19	0747	0779
19	0767	0788
19	0769	0789
19	0746	0778
19	0772	0792
12	0483	0520
12	0482	0492
12	0482	0520
12	0478	0517
12	0487	0503
12	0474	0513
12	0481	0518
12	0481	0519
12	0475	0514
12	0477	0516
12	0476	0516
359	13187	13209
359	13188	13210
359	13197	13218
359	13184	13207
359	13174	13202
359	13192	13214
359	13177	13204
359	13194	13217
359	13176	13203
359	13182	13206
359	13193	13215
334	12069	12074
334	12056	12089
334	12070	12101
334	12068	12102
334	12082	12099
334	12068	12100
334	12058	12087
334	12065	12089
334	12067	12090
334	12075	12102
334	12081	12096
391	14420	14438
391	14427	14445
391	14438	14460
391	14447	14460
391	14420	14447
391	14438	14442
391	14425	14444
391	14447	14456
391	14438	14456
391	14418	14448
391	14442	14447
97	3640	3650
97	3638	3641
97	3628	3643
97	3629	3649
97	3639	3642
424	15784	15804
424	15785	15805
424	15786	15806
424	15807	15817
424	15807	15814
1	0035	0049
1	0051	0059
1	0034	0064
1	0056	0060
1	0040	0055
1	0045	0051
1	0035	0061
1	0036	0048
1	0038	0051
1	0035	0050
197	7533	7538
197	7525	7533
197	7535	7547
197	7529	7544
197	7535	7540
197	7526	7537
197	7540	7545
197	7545	7547
197	7539	7545
197	7535	7539
197	7544	7549
143	5378	5384
143	5387	5397
143	5374	5382
143	5383	5391
143	5395	5400
143	5395	5407
143	5395	5408
143	5395	5405
143	5370	5396
143	5371	5372
143	5370	5401
86	3252	3277
86	3249	3276
103	3818	3844
103	3824	3849
103	3852	3868
103	3836	3854
103	3850	3866
103	3822	3848
103	3820	3846
103	3816	3842
103	3826	3850
103	3819	3845
103	3846	3862
356	13059	8	0311
19	0747	334	12058
334	12070	424	15786
402	14909	197	7533
356	13052	359	13187
274	9862	205	7784
415	15444	391	14418
205	7777	424	15784
334	12068	97	3638
356	13056	399	14761
276	9926	274	9836
276	9927	164	6228
164	6230	205	7786
402	14909	108	4027
433	16110	1	0038
437	16280	274	9862
43	1677	19	0764
399	14787	143	5395
12	0474	334	12065
402	14903	359	13188
12	0478	1	0035
334	12081	1	0035
43	1678	143	5371
433	16119	143	5387
356	13056	276	9913
276	9927	399	14774
437	16280	1	0056
85	3214	419	15624
274	9827	197	7526
402	14903	419	15607
276	9927	1	0040
43	1675	12	0476
180	6876	402	14909
85	3220	165	6275
334	12069	424	15785
102	3809	8	0319
230	8406	108	4025
276	9945	377	13866
310	11097	356	13051
415	15443	359	13177
310	11098	437	16263
205	7785	19	0769
8	0320	103	3846
276	9926	274	9836
43	1677	205	7778
402	14885	103	3826
310	11094	19	0746
372	13696	108	4030
8	0317	12	0481
356	13053	43	1675
85	3228	108	4031
356	13057	359	13192
391	14427	1	0038
433	16124	143	5395
197	7535	143	5378
211	7940	1	0051
102	3790	334	12075
43	1671	334	12068
433	16112	359	13192
274	9850	197	7535
419	15607	334	12067
8	0314	12	0477
433	16110	43	1678
180	6857	399	14784
164	6233	143	5383
419	15607	424	15786
437	16275	334	12067
276	9926	274	9836
276	9926	164	6236
356	13058	164	6221
415	15440	12	0487
43	1675	359	13192
437	16280	419	15616
356	13054	8	0315
85	3214	433	16119
85	3220	165	6275
108	4031	334	12082
40	1583	19	0746
310	11094	402	14885
359	13194	97	3638
85	3213	433	16110
165	6282	12	0475
85	3228	164	6230
433	16110	43	1678
276	9926	359	13197
415	15440	12	0487
12	0474	334	12075
164	6230	197	7539
437	16280	402	14908
211	7940	1	0051
8	0319	1	0036
211	7934	1	0051
108	4028	43	1678
276	9924	143	5383
372	13697	103	3850
399	14791	103	3824
230	8406	43	1679
12	0487	359	13174
419	15607	334	12067
356	13055	19	0759
359	13193	1	0035
197	7529	103	3824
310	11090	274	9830
437	16269	399	14758
180	6876	399	14774
402	14899	205	7778
19	0748	334	12075
19	0759	391	14427
211	7940	276	9949
205	7777	377	13866
143	5378	194	7445
399	14774	143	5395
205	7784	1	0056
276	9924	391	14438
402	14903	359	13197
433	16108	1	0035
274	9850	197	7535
276	9945	424	15784
12	0477	391	14418
437	16275	108	4026
356	13057	43	1672
356	13058	334	12081
12	0476	359	13188
8	0312	391	14420
274	9850	197	7535
85	3221	8	0314
43	1678	205	7786
108	4028	19	0759
102	3798	359	13194
164	6221	43	1676
419	15622	391	14447
402	14910	19	0764
372	13697	276	9926
356	13051	334	12068
415	15443	399	14758
180	6876	399	14787
310	11090	274	9830
356	13058	164	6221
372	13696	97	3638
310	11089	415	15444
372	13697	419	15620
85	3222	276	9933
402	14889	12	0483
102	3790	419	15614
8	0319	197	7539
276	9913	334	12069
165	6283	274	9857
372	13696	19	0759
402	14885	43	1672
419	15622	391	14438
359	13194	97	3638
415	15442	402	14882
108	4027	8	0315
276	9926	359	13197
205	7786	1	0045
356	13056	359	13182
19	0759	334	12068
359	13193	1	0040
211	7940	276	9949
180	6880	433	16115
43	1678	143	5371
1	0040	197	7533
356	13056	399	14761
164	6221	1	0035
437	16269	165	6282
108	4031	143	5371
211	7934	276	9949
274	9857	197	7545
180	6880	399	14776
356	13059	433	16109
19	0746	103	3826
164	6221	1	0035
433	16115	19	0777
274	9862	359	13192
402	14908	359	13192
402	14903	274	9862
310	11097	12	0474
276	9924	391	14447
276	9924	433	16119
12	0474	197	7529
19	0759	197	7540
334	12067	1	0056
437	16272	8	0317
356	13053	8	0314
356	13051	334	12075
399	14761	86	3252
43	1671	197	7529
437	16267	43	1673
85	3221	419	15607
310	11095	12	0487
377	13866	12	0481
8	0317	19	0764
274	9850	208	7874
437	16275	359	13192
43	1672	391	14418
415	15441	86	3249
391	14447	143	5387
108	4031	197	7539
334	12068	97	3638
108	4030	419	15614
108	4031	143	5371
372	13697	359	13192
276	9924	402	14910
85	3233	399	14758
276	9924	391	14438
43	1671	197	7529
8	0319	391	14427
97	3638	1	0036
356	13055	19	0759
85	3214	391	14438
334	12068	97	3638
8	0319	197	7540
102	3790	334	12075
310	11091	103	3818
274	9862	205	7784
402	14903	419	15616
85	3220	165	6275
399	14760	197	7525
433	16119	143	5387
8	0319	334	12075
402	14909	433	16108
356	13052	433	16104
43	1675	424	15786
402	14899	12	0481
419	15609	12	0481
359	13194	1	0038
19	0748	334	12068
433	16105	103	3822
372	13696	102	3790
180	6876	19	0769
437	16275	12	0476
180	6866	8	0321
437	16264	19	0747
356	13058	108	4027
276	9924	402	14910
180	6876	402	14909
356	13056	424	15785
310	11092	334	12065
43	1671	12	0482
433	16112	419	15620
433	16105	399	14760
108	4030	19	0776
8	0315	334	12081
165	6256	433	16124
164	6227	433	16116
402	14909	359	13193
419	15610	334	12075
85	3214	419	15624
274	9827	197	7526
12	0481	424	15784
402	14908	419	15620
437	16282	43	1678
180	6876	19	0769
276	9933	19	0777
276	9924	391	14438
310	11095	12	0487
356	13051	334	12068
399	14774	424	15807
205	7784	359	13197
43	1677	8	0312
108	4028	1	0038
211	7934	276	9949
419	15610	205	7786
43	1675	103	3836
433	16110	8	0319
433	16105	12	0487
43	1678	334	12075
102	3790	391	14427
85	3221	334	12070
164	6227	359	13193
276	9949	143	5370
1	0051	197	7535
108	4025	43	1674
437	16263	86	3252
164	6227	359	13193
433	16112	359	13192
1	0040	197	7533
415	15440	12	0487
356	13058	205	7785
274	9845	1	0040
391	14418	103	3826
19	0746	12	0476
165	6282	8	0321
356	13051	12	0482
43	1678	197	7540
437	16282	1	0038
85	3213	1	0036
19	0747	86	3249
8	0319	12	0482
19	0769	197	7533
19	0759	334	12082
372	13696	97	3638
85	3221	19	0746
180	6857	399	14784
415	15440	12	0487
433	16104	424	15785
85	3214	164	6237
310	11096	437	16267
102	3795	165	6281
402	14903	359	13197
414	15408	15432
414	15413	15438
414	15414	15439
414	15412	15437
414	15410	15435
414	15409	15434
414	15407	15431
414	15411	15436
144	5420	5444
144	5416	5424
144	5409	5414
144	5448	5453
144	5421	5442
144	5425	5426
144	5418	5443
144	5435	5455
144	5415	5449
144	5432	5455
144	5434	5452
432	16095	16100
432	16079	16081
432	16085	16102
432	16099	16102
432	16070	16079
369	13571	13600
369	13576	13601
369	13580	13603
369	13569	13599
369	13575	13601
369	13578	13602
332	11974	11991
332	11969	11982
332	11993	11994
332	11964	12013
332	12003	12004
332	11982	11995
332	11974	11999
332	11969	11983
332	11964	11999
332	11996	12000
332	11972	11992
133	5006	5013
133	4992	5008
133	4991	5008
133	5007	5011
446	16652	16672
446	16666	16668
446	16655	16670
446	16658	16689
446	16653	16668
446	16687	16688
446	16663	16676
446	16658	16676
446	16645	16688
446	16653	16687
446	16645	16653
290	10313	10321
290	10296	10298
290	10298	10327
290	10300	10322
290	10325	10327
290	10296	10325
290	10297	10300
290	10313	10318
290	10304	10320
290	10311	10320
188	7213	7234
188	7202	7219
188	7205	7228
188	7217	7235
188	7207	7224
188	7218	7236
188	7202	7215
188	7204	7228
188	7202	7232
188	7208	7225
188	7222	7237
48	1859	1893
48	1863	1881
48	1859	1880
48	1863	1888
48	1888	1902
48	1882	1902
48	1859	1864
48	1863	1892
48	1863	1882
48	1881	1902
48	1892	1902
33	1310	1329
33	1314	1315
33	1321	1326
33	1331	1339
33	1324	1327
33	1328	1329
33	1324	1338
33	1315	1338
33	1324	1340
33	1316	1324
33	1323	1324
30	1207	1228
30	1194	1221
30	1191	1218
30	1188	1214
30	1210	1231
30	1189	1216
30	1195	1222
30	1204	1227
30	1190	1217
30	1196	1223
30	1212	1232
444	16558	16566
444	16562	16573
444	16547	16568
444	16578	16584
444	16562	16582
444	16561	16580
444	16540	16553
444	16555	16579
444	16580	16586
444	16542	16565
444	16544	16566
263	9452	9457
263	9444	9464
263	9457	9474
263	9436	9439
263	9440	9467
235	8539	8541
235	8538	8560
235	8556	8567
235	8549	8556
235	8538	8566
235	8561	8563
235	8533	8555
235	8556	8559
235	8543	8561
235	8555	8564
235	8545	8562
358	13137	13169
358	13128	13155
358	13150	13162
358	13162	13171
358	13141	13158
358	13143	13159
358	13162	13168
358	13154	13170
358	13137	13155
358	13136	13154
358	13154	13160
323	11606	11619
323	11607	11621
323	11610	11626
323	11601	11612
323	11611	11629
323	11609	11624
323	11598	11612
323	11594	11611
323	11605	11617
438	16328	16330
438	16297	16325
438	16316	16328
438	16300	16323
438	16315	16333
438	16329	16331
404	15000	15019
404	14993	15015
404	14995	15016
404	15003	15023
404	14999	15018
404	15001	15020
404	15001	15021
404	15003	15024
404	14998	15017
404	15002	15022
41	1633	1651
41	1626	1641
41	1623	1639
41	1632	1650
41	1614	1635
41	1619	1637
41	1621	1638
41	1628	1643
41	1631	1648
41	1616	1636
41	1627	1642
313	11226	11254
313	11227	11255
313	11225	11253
313	11228	11256
312	11180	11200
312	11198	11213
312	11177	11190
312	11196	11202
312	11202	11210
312	11212	11220
312	11200	11217
312	11197	11201
312	11177	11205
5	0198	0226
5	0202	0231
5	0201	0230
5	0199	0227
5	0200	0229
5	0197	0225
5	0203	0232
5	0195	0222
5	0196	0224
441	16431	16457
441	16409	16438
441	16404	16429
441	16421	16448
441	16410	16439
441	16424	16451
441	16413	16442
441	16430	16455
441	16418	16446
441	16415	16444
441	16425	16451
18	0735	0744
18	0701	0729
18	0718	0734
18	0712	0716
18	0739	0743
18	0720	0741
18	0718	0741
18	0719	0736
18	0708	0720
18	0728	0732
18	0723	0731
100	3756	3776
100	3775	3780
100	3749	3756
100	3766	3772
100	3753	3779
100	3772	3783
100	3762	3777
100	3780	3782
328	11826	11851
328	11825	11850
328	11838	11860
328	11827	11852
328	11824	11849
328	11830	11855
328	11836	11859
328	11834	11858
328	11829	11854
328	11832	11857
328	11841	11861
49	1930	1935
49	1912	1913
49	1933	1941
49	1907	1940
49	1917	1931
49	1916	1931
49	1924	1931
49	1915	1930
49	1929	1936
49	1908	1944
49	1936	1939
366	13479	13493
366	13457	13481
366	13473	13487
366	13478	13492
366	13468	13484
366	13476	13489
366	13463	13482
366	13474	13488
366	13467	13483
366	13477	13490
366	13472	13486
428	15923	15946
428	15937	15946
428	15928	15940
428	15924	15963
428	15935	15959
428	15944	15962
428	15928	15942
428	15955	15959
428	15923	15934
428	15934	15937
315	11309	11317
315	11307	11313
315	11308	11315
315	11310	11319
39	1564	1571
39	1563	1570
39	1560	1569
39	1559	1568
47	1831	1847
47	1834	1853
47	1818	1840
47	1820	1842
47	1823	1844
47	1835	1854
47	1837	1855
47	1826	1845
47	1833	1851
47	1832	1849
431	16035	16063
431	16038	16064
431	16039	16065
48	1892	30	1196
41	1626	366	13473
188	7202	41	1621
446	16663	323	11606
414	15410	328	11829
290	10304	444	16540
358	13154	18	0720
5	0203	18	0708
332	11996	428	15923
144	5434	404	15001
33	1310	441	16424
41	1626	18	0735
235	8538	441	16418
414	15414	444	16558
332	11974	358	13136
441	16424	366	13468
100	3772	428	15924
41	1626	49	1916
48	1859	428	15924
48	1882	328	11841
441	16415	431	16039
312	11196	428	15923
446	16663	49	1924
41	1623	366	13478
290	10297	312	11177
33	1324	47	1832
33	1316	404	14995
404	15000	428	15944
332	11964	428	15944
235	8545	323	11606
18	0708	366	13468
438	16315	18	0735
47	1820	431	16035
188	7205	366	13478
33	1328	366	13463
369	13580	33	1310
30	1195	441	16425
188	7205	323	11598
444	16542	404	14998
263	9444	428	15923
33	1315	358	13154
323	11598	41	1623
358	13154	323	11610
144	5415	41	1626
30	1194	5	0197
188	7208	47	1832
18	0720	47	1832
358	13141	428	15935
446	16652	404	15000
446	16663	41	1621
144	5415	312	11212
332	11974	30	1195
441	16413	428	15935
414	15409	39	1560
446	16658	323	11606
414	15408	5	0199
188	7208	441	16431
41	1632	18	0718
312	11180	431	16039
358	13143	366	13479
33	1316	5	0203
144	5415	188	7202
332	11974	358	13136
30	1195	41	1621
48	1888	358	13137
290	10300	328	11832
369	13580	33	1328
235	8556	41	1621
332	11974	33	1328
323	11607	41	1628
133	4992	444	16544
30	1195	441	16424
144	5409	441	16421
446	16658	100	3766
41	1631	428	15937
446	16658	441	16424
48	1892	358	13137
33	1310	441	16425
144	5416	328	11826
332	11996	49	1908
30	1204	366	13472
144	5416	313	11227
313	11226	18	0701
144	5448	328	11838
369	13580	33	1310
235	8545	323	11606
48	1863	49	1930
369	13578	404	15003
30	1196	404	15001
444	16555	100	3775
48	1859	358	13154
144	5415	312	11212
33	1310	41	1621
404	14993	441	16410
144	5418	30	1204
100	3766	366	13468
414	15409	438	16297
133	5007	100	3753
428	15935	47	1820
414	15407	332	11974
39	1559	47	1818
290	10311	48	1859
414	15407	332	11974
48	1882	30	1196
438	16300	313	11227
432	16085	33	1315
144	5425	235	8555
441	16410	39	1560
41	1621	328	11830
444	16562	49	1915
188	7204	428	15928
446	16663	323	11606
5	0202	328	11834
235	8538	441	16418
358	13128	404	15001
188	7202	49	1924
5	0203	441	16424
332	11972	441	16415
18	0701	428	15934
33	1314	438	16315
235	8538	366	13468
263	9440	100	3766
144	5434	48	1882
133	5007	290	10296
441	16415	328	11825
428	15923	47	1837
33	1324	312	11212
48	1888	30	1196
366	13474	428	15955
48	1881	358	13128
312	11200	428	15937
290	10304	18	0723
235	8543	18	0712
144	5409	438	16316
369	13578	438	16297
39	1563	47	1820
332	11964	328	11830
33	1315	358	13154
144	5415	235	8556
414	15411	328	11830
41	1616	366	13472
323	11594	441	16410
41	1631	428	15923
332	11969	39	1559
446	16658	100	3766
5	0201	100	3775
290	10311	18	0723
144	5434	48	1881
332	11974	438	16315
30	1207	323	11607
290	10311	444	16540
48	1859	235	8549
358	13141	431	16035
444	16542	441	16410
144	5409	323	11598
5	0196	39	1560
446	16663	49	1916
144	5415	18	0712
332	11993	441	16410
144	5409	328	11832
144	5416	404	14999
358	13154	100	3772
188	7208	441	16431
414	15410	144	5416
358	13137	366	13474
188	7202	49	1916
144	5432	48	1859
446	16645	328	11830
446	16663	366	13473
404	15001	5	0195
33	1316	358	13136
432	16095	328	11825
441	16418	366	13463
144	5409	438	16316
404	14993	428	15934
144	5434	47	1820
332	11996	428	15923
188	7204	438	16316
414	15414	41	1619
444	16558	312	11180
48	1892	39	1563
290	10311	438	16329
188	7202	49	1924
432	16099	18	0718
188	7208	18	0712
30	1191	438	16315
188	7202	18	0735
404	14998	441	16415
41	1632	49	1917
369	13569	428	15944
446	16652	33	1316
41	1621	366	13468
41	1614	5	0195
188	7213	312	11197
446	16666	312	11212
404	15003	431	16039
235	8539	312	11197
369	13578	438	16297
438	16316	39	1559
41	1623	431	16038
235	8545	41	1621
328	11836	428	15955
358	13137	366	13474
41	1626	100	3766
446	16655	428	15923
144	5434	328	11836
18	0712	49	1924
404	15002	441	16409
432	16095	404	14998
30	1196	441	16413
144	5435	18	0723
323	11611	18	0719
188	7202	41	1621
33	1314	404	14995
49	1924	47	1832
30	1204	328	11834
312	11180	441	16410
33	1328	41	1621
323	11607	315	11310
446	16645	33	1328
30	1196	404	15001
432	16099	323	11606
235	8556	323	11606
428	15923	315	11308
444	16561	18	0712
144	5448	444	16555
446	16653	358	13154
369	13578	404	15003
444	16540	358	13154
235	8533	47	1831
235	8543	47	1823
332	11974	5	0203
332	11974	366	13468
18	0719	100	3762
33	1310	5	0198
404	14993	313	11226
33	1316	358	13136
188	7202	18	0735
441	16424	47	1823
444	16561	263	9440
41	1619	39	1560
133	5007	290	10296
263	9457	47	1823
414	15412	30	1196
263	9440	323	11606
263	9444	312	11198
404	15003	100	3775
133	4991	431	16039
48	1892	428	15955
438	16329	428	15924
290	10300	428	15928
369	13580	438	16315
366	13474	431	16035
41	1616	366	13472
441	16431	366	13473
5	0203	441	16425
438	16315	18	0708
41	1632	49	1917
312	11180	431	16039
290	10297	438	16328
404	15001	428	15955
414	15413	441	16421
323	11594	18	0728
144	5415	432	16085
18	0728	39	1560
358	13141	41	1627
404	15001	428	15955
5	0196	18	0701
444	16540	235	8549
312	11200	428	15937
48	1863	49	1930
48	1882	358	13137
369	13578	312	11180
18	0723	428	15924
369	13571	290	10298
313	11226	5	0201
414	15412	369	13576
48	1892	428	15955
30	1204	328	11834
428	15928	47	1831
30	1194	328	11834
188	7204	323	11598
332	11969	5	0200
328	11838	431	16039
49	1912	428	15935
100	3780	47	1837
332	11964	366	13468
100	3766	366	13468
446	16658	188	7208
30	1196	328	11827
446	16663	41	1621
441	16424	18	0712
323	11594	328	11825
41	1616	328	11834
18	0712	366	13473
30	1189	5	0201
100	3749	366	13477
358	13128	404	15001
438	16297	41	1619
30	1189	438	16297
308	11032	11037
308	11021	11033
308	11008	11025
137	5140	5168
137	5138	5163
137	5139	5167
137	5138	5164
136	5100	5123
136	5114	5130
136	5117	5136
136	5113	5129
136	5116	5133
136	5103	5124
136	5115	5131
136	5109	5126
136	5104	5125
136	5110	5127
136	5111	5128
34	1356	1386
34	1343	1378
34	1368	1390
34	1375	1396
34	1372	1394
34	1359	1388
34	1348	1383
34	1373	1395
34	1369	1391
34	1374	1395
34	1344	1379
442	16466	16492
442	16463	16488
442	16464	16489
442	16467	16493
442	16469	16495
442	16461	16485
442	16465	16490
442	16471	16497
442	16461	16486
442	16470	16496
442	16472	16498
371	13644	13673
371	13645	13675
371	13645	13674
88	3334	3345
88	3338	3344
88	3339	3352
88	3340	3346
88	3337	3350
88	3336	3354
88	3339	3355
258	9239	9248
258	9238	9247
258	9227	9239
258	9254	9264
258	9254	9261
258	9240	9251
258	9255	9264
258	9255	9261
258	9240	9252
134	5022	5047
134	5019	5046
134	5037	5053
134	5026	5050
134	5018	5045
134	5038	5054
134	5017	5041
134	5030	5051
134	5039	5055
134	5040	5056
420	15643	15657
420	15646	15657
420	15642	15650
147	5534	5560
147	5537	5564
147	5537	5563
147	5536	5563
147	5535	5561
147	5530	5558
147	5536	5564
147	5533	5559
388	14309	14327
388	14296	14320
388	14304	14324
388	14314	14331
388	14310	14327
388	14303	14323
388	14301	14322
388	14308	14326
388	14293	14319
388	14313	14329
388	14305	14324
138	5189	5192
138	5171	5203
138	5183	5206
138	5177	5188
138	5183	5187
138	5174	5185
138	5177	5202
138	5208	5212
138	5199	5203
138	5186	5194
138	5189	5211
62	2455	2465
62	2460	2467
62	2452	2457
62	2454	2464
62	2426	2454
62	2464	2465
62	2454	2455
62	2442	2458
62	2447	2461
62	2453	2463
62	2446	2462
374	13746	13773
374	13769	13782
374	13745	13772
374	13768	13781
374	13757	13776
374	13747	13774
374	13765	13778
374	13762	13777
374	13766	13779
374	13764	13778
400	14814	14840
400	14802	14828
400	14812	14835
400	14809	14831
400	14813	14838
400	14803	14829
400	14811	14834
400	14810	14832
400	14808	14831
400	14804	14829
429	15992	16006
429	15982	15997
429	15979	15995
429	15993	16009
429	15970	15991
429	15967	15990
429	15972	15992
429	15991	16004
429	15969	15991
429	15966	15989
429	15981	15996
381	14027	14055
381	14045	14064
381	14036	14059
381	14048	14067
381	14029	14056
381	14026	14055
381	14042	14061
381	14040	14060
381	14024	14053
381	14025	14054
381	14047	14065
22	0871	0900
22	0870	0899
22	0868	0897
22	0866	0895
22	0872	0901
22	0869	0898
22	0864	0892
22	0873	0903
22	0866	0894
3	0116	0141
3	0125	0150
3	0123	0148
3	0117	0142
3	0120	0145
3	0119	0144
151	5700	5722
151	5698	5720
151	5697	5719
151	5704	5727
151	5702	5724
151	5695	5716
151	5699	5721
151	5705	5728
151	5696	5718
151	5701	5723
151	5687	5696
104	3877	3902
104	3881	3904
104	3896	3908
104	3900	3909
104	3890	3906
92	3470	3473
92	3486	3490
92	3471	3477
92	3480	3483
92	3476	3489
92	3474	3490
92	3481	3489
92	3471	3482
50	1951	1982
50	1968	1991
50	1966	1990
50	1956	1985
50	1961	1988
50	1950	1977
50	1964	1989
50	1958	1986
50	1957	1985
50	1960	1987
50	1954	1984
99	3737	3743
99	3710	3719
99	3709	3748
99	3712	3719
99	3706	3714
99	3708	3717
99	3712	3721
99	3708	3744
99	3707	3708
99	3714	3726
99	3710	3721
152	5729	5749
152	5736	5763
152	5735	5762
152	5734	5760
152	5731	5753
152	5732	5755
152	5733	5757
152	5730	5751
447	16696	16719
447	16695	16719
447	16692	16717
193	7431	7438
193	7401	7410
193	7404	7413
193	7433	7436
193	7430	7439
193	7428	7436
193	7424	7436
193	7412	7430
349	12772	12790
349	12765	12786
349	12752	12775
349	12754	12776
349	12750	12771
349	12747	12765
349	12770	12789
349	12749	12770
349	12766	12787
349	12761	12783
349	12751	12773
98	3659	3690
98	3665	3693
98	3661	3691
98	3678	3702
98	3672	3698
98	3671	3697
98	3670	3697
98	3678	3703
98	3656	3686
98	3671	3696
98	3667	3695
53	2090	2108
53	2067	2094
53	2065	2092
53	2085	2107
53	2082	2106
53	2066	2093
53	2080	2105
53	2070	2100
53	2076	2103
53	2077	2104
53	2073	2101
120	4502	4529
120	4509	4533
120	4511	4535
120	4526	4540
120	4507	4531
120	4525	4539
120	4527	4541
120	4512	4536
120	4499	4525
120	4524	4538
120	4505	4530
393	14510	14536
393	14509	14532
396	14657	14667
396	14642	14650
396	14666	14674
396	14652	14662
396	14655	14668
396	14628	14660
396	14672	14674
396	14639	14657
396	14657	14676
396	14631	14654
396	14634	14658
166	6300	6313
166	6310	6313
166	6304	6305
166	6300	6314
166	6301	6313
166	6299	6321
166	6299	6305
166	6304	6321
99	3712	396	14634
308	11008	447	16695
371	13644	62	2447
388	14314	22	0871
99	3710	120	4507
442	16461	147	5537
381	14045	22	0869
134	5019	420	15646
62	2426	53	2065
400	14804	3	0117
138	5189	22	0871
138	5177	22	0866
99	3710	98	3661
381	14048	92	3486
138	5199	429	15969
136	5117	442	16464
136	5109	388	14305
388	14305	3	0125
137	5140	374	13762
349	12765	396	14657
420	15642	166	6299
388	14310	381	14040
420	15646	400	14810
134	5026	53	2076
193	7433	349	12750
136	5111	34	1348
400	14814	193	7428
388	14314	374	13762
152	5736	193	7430
138	5183	53	2065
349	12765	166	6300
442	16472	388	14310
92	3486	166	6300
136	5113	388	14310
374	13769	166	6304
388	14310	22	0866
374	13765	349	12751
92	3474	99	3710
420	15646	147	5537
349	12765	396	14657
147	5533	53	2067
258	9240	53	2090
151	5700	104	3900
138	5199	393	14509
34	1369	396	14657
381	14047	166	6300
381	14040	98	3659
349	12750	396	14639
420	15642	429	15991
349	12765	98	3670
442	16461	22	0869
99	3708	396	14666
136	5109	371	13645
134	5026	120	4505
22	0864	3	0123
388	14309	396	14672
136	5113	62	2447
34	1369	166	6300
50	1960	166	6304
152	5731	53	2067
53	2077	393	14510
258	9238	166	6310
50	1968	396	14652
136	5109	3	0116
137	5139	442	16466
429	15991	50	1960
374	13768	349	12754
88	3337	388	14308
137	5138	349	12751
442	16464	400	14812
136	5113	120	4505
138	5208	151	5701
137	5138	120	4502
258	9238	166	6301
34	1359	349	12754
308	11008	381	14025
136	5115	62	2464
420	15642	429	15991
34	1348	22	0864
88	3337	388	14308
400	14809	447	16696
442	16470	99	3709
134	5030	193	7431
388	14314	151	5696
104	3877	99	3712
388	14309	381	14047
308	11021	98	3659
388	14310	400	14814
151	5701	98	3670
98	3661	396	14631
381	14026	152	5733
381	14040	50	1951
3	0117	349	12749
138	5189	50	1951
442	16472	166	6300
62	2426	120	4511
120	4525	166	6310
136	5113	138	5177
34	1356	151	5695
442	16465	447	16695
447	16692	120	4507
193	7433	396	14666
88	3338	400	14812
258	9240	120	4527
147	5536	374	13745
134	5018	396	14634
3	0120	152	5733
388	14303	193	7428
34	1359	3	0125
442	16461	3	0123
3	0123	152	5735
53	2077	393	14510
429	15981	447	16695
137	5140	50	1951
136	5104	138	5183
381	14042	396	14634
442	16461	22	0869
308	11021	98	3671
138	5171	447	16695
147	5537	400	14804
381	14048	92	3474
104	3877	120	4511
134	5037	166	6304
88	3336	134	5019
3	0125	98	3665
349	12747	396	14639
400	14802	53	2065
134	5026	388	14309
34	1348	442	16470
447	16696	349	12751
138	5183	447	16692
3	0120	53	2066
308	11021	98	3659
442	16461	99	3709
442	16472	99	3708
396	14655	166	6304
98	3661	166	6301
99	3710	447	16696
136	5116	98	3656
420	15643	53	2066
92	3486	166	6300
400	14808	393	14509
3	0123	349	12749
429	15982	381	14045
442	16472	134	5040
99	3710	98	3661
258	9238	381	14048
34	1344	349	12752
442	16461	147	5536
388	14309	374	13757
151	5699	50	1961
120	4525	166	6300
50	1964	349	12765
429	15991	381	14048
134	5018	138	5183
442	16461	147	5536
349	12765	98	3671
371	13645	400	14812
193	7404	396	14657
374	13768	151	5697
308	11008	393	14509
136	5110	381	14042
388	14313	396	14652
92	3470	152	5735
104	3890	193	7401
388	14305	349	12754
136	5117	98	3665
388	14310	22	0866
371	13645	147	5530
400	14804	53	2066
374	13769	98	3661
104	3877	53	2065
50	1957	98	3670
400	14808	152	5730
371	13645	152	5734
34	1356	98	3667
400	14811	396	14666
374	13766	50	1961
99	3712	396	14634
138	5177	22	0866
429	15979	22	0871
442	16461	99	3709
88	3334	349	12750
388	14301	22	0869
134	5026	99	3708
381	14045	22	0869
442	16467	138	5189
442	16467	396	14672
388	14303	99	3708
34	1373	258	9239
381	14042	120	4507
442	16464	349	12754
138	5171	62	2464
134	5026	396	14639
136	5113	193	7424
34	1356	22	0869
34	1343	134	5019
374	13762	396	14666
136	5113	99	3708
34	1343	3	0117
374	13747	429	15967
374	13762	396	14666
34	1372	151	5699
136	5110	53	2073
374	13764	166	6310
374	13764	99	3712
374	13747	152	5729
136	5110	400	14808
442	16471	88	3339
134	5040	138	5189
34	1368	134	5039
88	3338	381	14036
104	3881	92	3474
388	14314	166	6300
151	5701	98	3671
400	14814	99	3708
442	16465	396	14634
134	5018	400	14802
136	5115	396	14634
22	0868	120	4507
34	1348	22	0864
62	2447	22	0866
134	5038	381	14045
193	7424	53	2070
400	14802	447	16692
442	16463	400	14811
136	5109	147	5535
134	5037	166	6304
34	1356	50	1961
349	12752	166	6298
147	5536	22	0864
138	5171	62	2455
138	5208	98	3678
62	2464	104	3881
136	5100	147	5537
374	13747	193	7428
374	13764	396	14631
138	5183	349	12751
120	4505	396	14672
50	1960	166	6299
447	16692	396	14634
134	5037	98	3661
34	1369	98	3670
400	14814	193	7428
62	2442	349	12770
138	5177	400	14814
388	14308	120	4509
147	5536	381	14026
62	2426	99	3710
34	1343	134	5019
136	5113	98	3659
50	1954	120	4512
104	3890	166	6304
147	5534	429	15967
88	3336	92	3470
62	2447	349	12750
374	13745	3	0117
381	14027	152	5733
442	16461	134	5019
34	1374	120	4527
381	14040	193	7428
381	14045	3	0123
62	2464	400	14809
88	3337	22	0870
371	13645	134	5022
137	5139	442	16466
308	11021	388	14310
50	1951	396	14666
134	5017	400	14810
381	14027	152	5733
147	5537	381	14027
388	14301	3	0123
371	13644	151	5687
50	1950	349	12752
34	1369	50	1964
374	13765	104	3881
151	5696	104	3896
104	3877	99	3710
374	13765	99	3712
442	16471	134	5030
88	3334	349	12747
147	5537	22	0864
34	1356	50	1961
442	16461	147	5536
388	14305	53	2077
371	13645	381	14036
138	5183	99	3710
134	5040	50	1957
138	5189	98	3671
442	16472	50	1951
388	14304	3	0125
136	5110	138	5171
34	1343	22	0869
22	0869	349	12749
62	2447	396	14672
371	13644	138	5177
134	5038	50	1954
34	1348	400	14813
374	13762	429	15979
98	3665	120	4524
